32	0.0178571428571429
33	0.0178571428571429
21	0.032412397307313
26	0.00876010806084927
2	0.0157681972359839
17	0.0446765480496027
1	0.00963612155934216
18	0.0148921824319733
16	0.0525606439754092
44	0.0140161716762188
55	0.033288408089602
27	0.00525606437712355
25	0.0131401610017802
28	0.00788409659029051
57	0.0359164405006107
40	0.00175202147445269
20	0.00963611809100515
59	0.019272236352965
49	0.0157681972359839
24	0.00963612155934216
10	0.00350404297672238
31	0.0105121324240993
35	0.00963612155934216
11	0.0481805906379036
53	0.00876010734304968
48	0.0219002689824888
22	0.00700808583777876
42	0.00963612155934216
46	0.0178571428571429
0	0.00963612155934216
13	0.0178571428571429
23	0.0551886770831287
29	0.00525606437530429
6	0.0105121290335928
50	0.0122641505432026
39	0.0219002683386326
36	0.0113881430867808
9	0.0183962253669213
51	0.0219002682985279
58	0.0122641505432026
41	0.0105121294459686
12	0.012264150265711
47	0.0043800536740581
15	0.018396229116838
8	0.00963612155934216
38	0.00963611809100515
52	0.0201482471463743
4	0.0192722362159897
34	0.0595687299965167
56	0.0131401612412477
45	0.0280323440975976
37	0.00963612155934216
43	0.0245283007888927
19	0.0105121288166774
5	0.00350404335358328
54	0.0332884080830731
