0	1	2	
0	7	1	
0	8	2	
0	11	1	
0	16	1	
0	17	1	
0	18	1	
0	20	1	
0	21	1	
0	22	1	
0	23	1	
0	24	1	
0	25	1	
0	26	1	
0	29	1	
0	32	2	
0	33	1	
0	34	1	
0	36	1	
0	38	1	
0	41	1	
0	42	1	
0	53	2	
0	55	1	
0	61	2	
0	62	1	
0	65	1	
0	67	1	
0	68	1	
0	70	1	
0	71	1	
0	72	1	
0	73	1	
0	75	1	
0	78	1	
0	80	1	
0	82	2	
0	83	1	
0	86	1	
0	87	2	
0	88	1	
0	89	1	
1	0	2	
1	8	1	
1	10	1	
1	11	3	
1	16	2	
1	17	1	
1	18	1	
1	20	2	
1	22	1	
1	23	1	
1	24	3	
1	25	2	
1	26	3	
1	27	1	
1	29	4	
1	30	1	
1	31	1	
1	32	1	
1	33	2	
1	34	3	
1	36	1	
1	38	4	
1	40	1	
1	41	2	
1	42	3	
1	43	2	
1	44	1	
1	45	2	
1	48	1	
1	50	1	
1	53	5	
1	55	1	
1	56	1	
1	60	1	
1	61	3	
1	62	2	
1	63	1	
1	65	1	
1	66	1	
1	67	2	
1	68	3	
1	70	1	
1	71	1	
1	72	1	
1	73	2	
1	75	1	
1	78	1	
1	82	1	
1	83	1	
1	85	2	
1	86	2	
1	87	2	
1	88	1	
1	89	1	
4	5	1	
4	9	2	
4	20	1	
4	21	2	
4	25	1	
4	26	1	
4	31	1	
4	33	1	
4	37	1	
4	43	1	
4	53	1	
4	61	1	
4	62	1	
4	79	1	
4	85	1	
4	88	1	
4	90	1	
5	4	1	
5	9	1	
5	10	1	
5	16	5	
5	17	1	
5	18	1	
5	19	4	
5	20	4	
5	21	2	
5	22	1	
5	23	1	
5	24	1	
5	25	3	
5	26	4	
5	30	1	
5	31	2	
5	32	1	
5	33	2	
5	34	1	
5	35	2	
5	37	1	
5	38	1	
5	40	1	
5	42	2	
5	43	1	
5	45	4	
5	46	1	
5	48	1	
5	53	2	
5	54	1	
5	58	1	
5	61	4	
5	62	1	
5	65	2	
5	66	1	
5	67	1	
5	70	2	
5	71	2	
5	74	1	
5	75	3	
5	79	4	
5	80	1	
5	82	1	
5	83	1	
5	86	7	
5	87	2	
5	88	3	
5	90	1	
7	0	1	
7	8	1	
7	17	1	
7	21	2	
7	25	1	
7	28	1	
7	29	1	
7	32	1	
7	37	1	
7	38	1	
7	46	1	
7	48	1	
7	62	1	
7	66	1	
7	67	1	
7	72	1	
7	79	1	
7	80	1	
7	81	1	
7	82	2	
7	85	1	
7	86	1	
8	0	2	
8	1	1	
8	7	1	
8	11	1	
8	16	1	
8	17	1	
8	18	1	
8	20	1	
8	21	1	
8	22	1	
8	23	1	
8	25	1	
8	26	1	
8	29	1	
8	32	2	
8	33	1	
8	34	1	
8	36	1	
8	38	1	
8	41	1	
8	42	1	
8	53	1	
8	55	1	
8	61	1	
8	67	1	
8	68	1	
8	70	1	
8	71	2	
8	72	1	
8	73	1	
8	75	1	
8	78	1	
8	80	1	
8	82	2	
8	86	1	
8	87	1	
8	88	1	
9	4	2	
9	5	1	
9	20	1	
9	21	2	
9	25	1	
9	26	1	
9	31	1	
9	33	1	
9	37	1	
9	43	1	
9	53	1	
9	61	1	
9	62	1	
9	79	1	
9	85	1	
9	88	1	
9	90	1	
10	1	1	
10	5	1	
10	11	1	
10	16	2	
10	19	1	
10	21	1	
10	24	2	
10	25	2	
10	26	1	
10	27	1	
10	28	1	
10	29	1	
10	30	2	
10	31	1	
10	32	1	
10	33	1	
10	34	1	
10	35	1	
10	37	2	
10	38	3	
10	40	1	
10	41	1	
10	42	1	
10	43	1	
10	44	1	
10	45	1	
10	53	1	
10	55	1	
10	56	1	
10	58	2	
10	60	1	
10	61	1	
10	62	1	
10	63	2	
10	66	1	
10	67	1	
10	68	1	
10	71	1	
10	79	1	
10	85	3	
10	86	3	
10	89	1	
10	90	3	
11	0	1	
11	1	3	
11	8	1	
11	10	1	
11	16	3	
11	17	1	
11	18	1	
11	20	1	
11	22	1	
11	23	1	
11	24	1	
11	25	2	
11	26	4	
11	27	2	
11	28	1	
11	29	4	
11	30	1	
11	31	2	
11	32	1	
11	33	3	
11	34	4	
11	36	1	
11	38	3	
11	40	2	
11	41	3	
11	42	2	
11	43	1	
11	44	2	
11	45	3	
11	48	1	
11	50	1	
11	53	3	
11	55	1	
11	56	2	
11	60	2	
11	61	3	
11	63	1	
11	66	1	
11	67	2	
11	68	2	
11	70	1	
11	71	1	
11	72	1	
11	73	1	
11	74	1	
11	75	1	
11	78	1	
11	82	1	
11	84	1	
11	85	2	
11	86	2	
11	87	1	
11	88	1	
12	16	1	
12	24	1	
12	25	1	
12	26	1	
12	27	1	
12	31	1	
12	32	2	
12	34	1	
12	35	1	
12	37	1	
12	38	1	
12	45	1	
12	48	1	
12	53	1	
12	55	1	
12	61	1	
12	67	1	
12	79	2	
12	82	1	
12	86	2	
12	88	2	
14	59	1	
16	0	1	
16	1	2	
16	5	5	
16	8	1	
16	10	2	
16	11	3	
16	12	1	
16	17	2	
16	18	1	
16	19	3	
16	20	3	
16	21	2	
16	22	2	
16	23	1	
16	24	2	
16	25	5	
16	26	5	
16	27	2	
16	28	2	
16	29	3	
16	30	2	
16	31	5	
16	32	2	
16	33	3	
16	34	3	
16	35	2	
16	36	1	
16	37	1	
16	38	4	
16	40	2	
16	41	3	
16	42	3	
16	43	1	
16	44	2	
16	45	6	
16	46	1	
16	47	1	
16	48	1	
16	53	2	
16	54	1	
16	55	1	
16	56	2	
16	58	1	
16	60	2	
16	61	8	
16	63	3	
16	65	3	
16	66	1	
16	67	5	
16	68	5	
16	70	2	
16	71	2	
16	72	1	
16	73	1	
16	74	2	
16	75	4	
16	78	2	
16	79	1	
16	80	1	
16	82	1	
16	83	1	
16	84	1	
16	85	1	
16	86	7	
16	87	2	
16	88	1	
16	90	1	
17	0	1	
17	1	1	
17	5	1	
17	7	1	
17	8	1	
17	11	1	
17	16	2	
17	18	1	
17	19	1	
17	20	2	
17	21	1	
17	22	1	
17	23	1	
17	25	3	
17	26	2	
17	28	1	
17	29	2	
17	30	1	
17	31	1	
17	32	1	
17	33	1	
17	34	1	
17	35	1	
17	36	1	
17	37	1	
17	38	3	
17	41	1	
17	42	2	
17	45	1	
17	46	1	
17	48	1	
17	53	1	
17	55	1	
17	61	2	
17	62	1	
17	66	1	
17	67	2	
17	68	1	
17	70	1	
17	71	1	
17	72	2	
17	73	1	
17	74	1	
17	75	1	
17	78	1	
17	79	1	
17	81	1	
17	82	2	
17	83	1	
17	85	1	
17	86	3	
17	87	1	
17	88	1	
18	0	1	
18	1	1	
18	5	1	
18	8	1	
18	11	1	
18	16	1	
18	17	1	
18	20	3	
18	22	1	
18	23	3	
18	25	1	
18	26	1	
18	29	1	
18	32	1	
18	33	2	
18	34	1	
18	36	1	
18	38	1	
18	40	1	
18	41	1	
18	42	2	
18	45	1	
18	48	1	
18	53	1	
18	55	1	
18	61	1	
18	66	1	
18	67	1	
18	68	1	
18	70	1	
18	71	1	
18	72	1	
18	73	2	
18	75	2	
18	78	1	
18	79	1	
18	82	1	
18	86	2	
18	87	2	
18	88	2	
19	5	4	
19	10	1	
19	16	3	
19	17	1	
19	20	2	
19	21	3	
19	22	1	
19	24	2	
19	25	5	
19	26	5	
19	28	1	
19	29	1	
19	30	4	
19	31	2	
19	35	4	
19	37	2	
19	38	4	
19	42	1	
19	45	3	
19	46	2	
19	47	1	
19	48	2	
19	52	2	
19	53	1	
19	54	1	
19	61	3	
19	65	2	
19	67	2	
19	68	1	
19	70	1	
19	71	3	
19	74	2	
19	75	1	
19	78	1	
19	79	3	
19	80	3	
19	81	1	
19	82	1	
19	83	1	
19	85	1	
19	86	6	
19	87	2	
19	88	1	
19	89	1	
19	90	1	
20	0	1	
20	1	2	
20	4	1	
20	5	4	
20	8	1	
20	9	1	
20	11	1	
20	16	3	
20	17	2	
20	18	3	
20	19	2	
20	21	2	
20	22	2	
20	23	3	
20	25	3	
20	26	4	
20	29	1	
20	30	1	
20	31	2	
20	32	1	
20	33	3	
20	34	1	
20	35	2	
20	36	1	
20	37	1	
20	38	2	
20	40	1	
20	41	1	
20	42	3	
20	43	2	
20	45	3	
20	46	1	
20	48	1	
20	53	2	
20	55	1	
20	61	4	
20	62	1	
20	65	1	
20	66	1	
20	67	2	
20	68	2	
20	70	1	
20	71	2	
20	72	1	
20	73	3	
20	74	1	
20	75	3	
20	78	1	
20	79	3	
20	80	1	
20	82	1	
20	83	1	
20	86	4	
20	87	3	
20	88	3	
21	0	1	
21	4	2	
21	5	2	
21	7	2	
21	8	1	
21	9	2	
21	10	1	
21	16	2	
21	17	1	
21	19	3	
21	20	2	
21	22	1	
21	24	1	
21	25	3	
21	26	3	
21	28	3	
21	29	1	
21	30	1	
21	31	2	
21	32	1	
21	33	1	
21	35	2	
21	37	3	
21	38	4	
21	43	1	
21	45	1	
21	46	2	
21	47	1	
21	48	1	
21	53	1	
21	61	2	
21	62	2	
21	65	1	
21	66	1	
21	67	2	
21	71	2	
21	72	1	
21	74	1	
21	75	3	
21	79	4	
21	80	3	
21	81	2	
21	82	2	
21	85	3	
21	86	3	
21	87	1	
21	88	2	
21	90	2	
22	0	1	
22	1	1	
22	5	1	
22	8	1	
22	11	1	
22	16	2	
22	17	1	
22	18	1	
22	19	1	
22	20	2	
22	21	1	
22	23	1	
22	25	1	
22	26	3	
22	29	1	
22	32	1	
22	33	1	
22	34	1	
22	35	1	
22	36	1	
22	38	1	
22	41	1	
22	42	1	
22	45	1	
22	46	2	
22	53	1	
22	55	1	
22	61	3	
22	65	1	
22	67	2	
22	68	1	
22	70	1	
22	71	2	
22	72	1	
22	73	1	
22	75	2	
22	78	1	
22	79	1	
22	80	1	
22	82	1	
22	86	3	
22	87	2	
22	88	1	
23	0	1	
23	1	1	
23	5	1	
23	8	1	
23	11	1	
23	16	1	
23	17	1	
23	18	3	
23	20	3	
23	22	1	
23	25	1	
23	26	1	
23	29	1	
23	32	1	
23	33	2	
23	34	1	
23	36	1	
23	38	1	
23	40	1	
23	41	1	
23	42	2	
23	45	1	
23	48	1	
23	53	1	
23	55	1	
23	61	1	
23	66	1	
23	67	1	
23	68	1	
23	70	1	
23	71	1	
23	72	1	
23	73	2	
23	75	2	
23	78	1	
23	79	1	
23	82	1	
23	86	2	
23	87	2	
23	88	2	
24	0	1	
24	1	3	
24	5	1	
24	10	2	
24	11	1	
24	12	1	
24	16	2	
24	19	2	
24	21	1	
24	25	2	
24	26	2	
24	27	1	
24	29	1	
24	30	2	
24	31	1	
24	33	1	
24	34	1	
24	35	2	
24	37	2	
24	38	1	
24	40	1	
24	41	1	
24	42	1	
24	43	1	
24	44	1	
24	45	1	
24	53	3	
24	56	1	
24	60	1	
24	61	2	
24	62	1	
24	63	1	
24	64	1	
24	65	1	
24	66	1	
24	67	2	
24	68	1	
24	71	1	
24	75	1	
24	79	2	
24	83	1	
24	85	2	
24	86	2	
24	87	1	
24	88	2	
24	89	1	
24	90	1	
25	0	1	
25	1	2	
25	4	1	
25	5	3	
25	7	1	
25	8	1	
25	9	1	
25	10	2	
25	11	2	
25	12	1	
25	16	5	
25	17	3	
25	18	1	
25	19	5	
25	20	3	
25	21	3	
25	22	1	
25	23	1	
25	24	2	
25	26	7	
25	27	2	
25	28	4	
25	29	3	
25	30	4	
25	31	6	
25	32	2	
25	33	4	
25	34	3	
25	35	4	
25	36	1	
25	37	5	
25	38	10	
25	40	1	
25	41	2	
25	42	3	
25	43	2	
25	44	1	
25	45	4	
25	46	1	
25	47	2	
25	48	2	
25	52	1	
25	53	3	
25	55	3	
25	56	1	
25	60	1	
25	61	5	
25	62	2	
25	63	4	
25	64	1	
25	65	1	
25	66	2	
25	67	6	
25	68	4	
25	70	1	
25	71	1	
25	72	2	
25	73	1	
25	74	2	
25	75	1	
25	78	1	
25	79	6	
25	80	1	
25	81	2	
25	82	3	
25	83	1	
25	85	2	
25	86	8	
25	87	1	
25	88	4	
25	89	3	
26	0	1	
26	1	3	
26	4	1	
26	5	4	
26	8	1	
26	9	1	
26	10	1	
26	11	4	
26	12	1	
26	16	5	
26	17	2	
26	18	1	
26	19	5	
26	20	4	
26	21	3	
26	22	3	
26	23	1	
26	24	2	
26	25	7	
26	27	3	
26	28	2	
26	29	4	
26	30	4	
26	31	7	
26	32	2	
26	33	4	
26	34	5	
26	35	5	
26	36	1	
26	37	3	
26	38	7	
26	40	2	
26	41	3	
26	42	3	
26	43	2	
26	44	2	
26	45	6	
26	46	2	
26	47	1	
26	48	1	
26	50	1	
26	53	5	
26	55	2	
26	56	2	
26	60	2	
26	61	8	
26	62	1	
26	63	1	
26	64	1	
26	65	1	
26	66	1	
26	67	3	
26	68	2	
26	70	1	
26	71	3	
26	72	1	
26	73	1	
26	74	4	
26	75	2	
26	78	1	
26	79	5	
26	80	3	
26	81	3	
26	82	3	
26	83	1	
26	84	1	
26	85	2	
26	86	9	
26	87	2	
26	88	4	
27	1	1	
27	10	1	
27	11	2	
27	12	1	
27	16	2	
27	24	1	
27	25	2	
27	26	3	
27	28	1	
27	29	2	
27	30	3	
27	31	3	
27	32	1	
27	33	2	
27	34	3	
27	35	2	
27	37	1	
27	38	3	
27	39	1	
27	40	2	
27	41	2	
27	42	1	
27	43	1	
27	44	2	
27	45	3	
27	53	1	
27	55	1	
27	56	2	
27	60	2	
27	61	4	
27	63	1	
27	66	2	
27	67	1	
27	68	1	
27	74	1	
27	78	1	
27	79	1	
27	80	1	
27	82	2	
27	84	1	
27	85	1	
27	86	3	
27	88	1	
28	7	1	
28	10	1	
28	11	1	
28	16	2	
28	17	1	
28	19	1	
28	21	3	
28	25	4	
28	26	2	
28	27	1	
28	29	2	
28	31	2	
28	33	1	
28	34	1	
28	37	2	
28	38	3	
28	40	1	
28	41	1	
28	44	1	
28	45	1	
28	46	1	
28	47	1	
28	48	1	
28	55	1	
28	56	1	
28	60	1	
28	61	1	
28	62	1	
28	63	2	
28	66	1	
28	67	2	
28	72	1	
28	74	2	
28	75	1	
28	79	2	
28	80	1	
28	81	2	
28	82	1	
28	84	1	
28	85	1	
28	86	2	
28	88	1	
28	89	1	
29	0	1	
29	1	4	
29	7	1	
29	8	1	
29	10	1	
29	11	4	
29	16	3	
29	17	2	
29	18	1	
29	19	1	
29	20	1	
29	21	1	
29	22	1	
29	23	1	
29	24	1	
29	25	3	
29	26	4	
29	27	2	
29	28	2	
29	30	1	
29	31	2	
29	32	1	
29	33	3	
29	34	4	
29	36	1	
29	37	1	
29	38	5	
29	40	2	
29	41	3	
29	42	2	
29	43	1	
29	44	2	
29	45	3	
29	46	1	
29	48	2	
29	50	1	
29	53	4	
29	55	1	
29	56	2	
29	60	2	
29	61	3	
29	62	1	
29	63	1	
29	66	2	
29	67	3	
29	68	2	
29	70	1	
29	71	2	
29	72	2	
29	73	1	
29	74	1	
29	75	1	
29	78	1	
29	79	1	
29	81	1	
29	82	2	
29	84	1	
29	85	3	
29	86	3	
29	87	1	
29	88	1	
30	1	1	
30	5	1	
30	10	2	
30	11	1	
30	16	2	
30	17	1	
30	19	4	
30	20	1	
30	21	1	
30	24	2	
30	25	4	
30	26	4	
30	27	3	
30	29	1	
30	31	2	
30	33	2	
30	34	1	
30	35	4	
30	37	3	
30	38	4	
30	39	1	
30	40	1	
30	41	1	
30	42	3	
30	43	2	
30	44	1	
30	45	2	
30	49	1	
30	53	1	
30	56	1	
30	58	1	
30	60	1	
30	61	3	
30	62	1	
30	63	1	
30	66	2	
30	67	1	
30	68	1	
30	71	1	
30	74	1	
30	78	1	
30	79	1	
30	80	1	
30	81	1	
30	82	1	
30	83	1	
30	85	2	
30	86	4	
30	90	1	
31	1	1	
31	4	1	
31	5	2	
31	9	1	
31	10	1	
31	11	2	
31	12	1	
31	16	5	
31	17	1	
31	19	2	
31	20	2	
31	21	2	
31	24	1	
31	25	6	
31	26	7	
31	27	3	
31	28	2	
31	29	2	
31	30	2	
31	32	1	
31	33	2	
31	34	3	
31	35	4	
31	37	3	
31	38	6	
31	39	1	
31	40	1	
31	41	1	
31	42	1	
31	43	1	
31	44	1	
31	45	5	
31	47	2	
31	48	1	
31	50	1	
31	52	1	
31	53	2	
31	55	1	
31	56	1	
31	60	1	
31	61	6	
31	62	3	
31	63	1	
31	64	1	
31	65	1	
31	66	1	
31	67	1	
31	68	3	
31	74	3	
31	75	2	
31	78	2	
31	79	6	
31	80	2	
31	81	2	
31	82	3	
31	83	1	
31	84	1	
31	85	2	
31	86	5	
31	88	3	
31	89	2	
32	0	2	
32	1	1	
32	5	1	
32	7	1	
32	8	2	
32	10	1	
32	11	1	
32	12	2	
32	16	2	
32	17	1	
32	18	1	
32	20	1	
32	21	1	
32	22	1	
32	23	1	
32	25	2	
32	26	2	
32	27	1	
32	29	1	
32	31	1	
32	33	1	
32	34	2	
32	35	1	
32	36	1	
32	37	1	
32	38	2	
32	41	1	
32	42	1	
32	44	1	
32	45	1	
32	53	1	
32	55	2	
32	58	1	
32	61	2	
32	67	2	
32	68	1	
32	70	1	
32	71	1	
32	72	1	
32	73	1	
32	75	1	
32	78	1	
32	79	1	
32	80	1	
32	82	3	
32	83	2	
32	86	4	
32	87	1	
32	88	2	
32	89	1	
32	90	1	
33	0	1	
33	1	2	
33	4	1	
33	5	2	
33	8	1	
33	9	1	
33	10	1	
33	11	3	
33	16	3	
33	17	1	
33	18	2	
33	20	3	
33	21	1	
33	22	1	
33	23	2	
33	24	1	
33	25	4	
33	26	4	
33	27	2	
33	28	1	
33	29	3	
33	30	2	
33	31	2	
33	32	1	
33	34	3	
33	35	1	
33	36	1	
33	37	1	
33	38	2	
33	40	3	
33	41	3	
33	42	3	
33	43	3	
33	44	2	
33	45	3	
33	47	1	
33	48	1	
33	49	1	
33	52	1	
33	53	3	
33	55	1	
33	56	2	
33	60	2	
33	61	4	
33	62	2	
33	63	1	
33	66	2	
33	67	2	
33	68	2	
33	70	1	
33	71	1	
33	72	1	
33	73	1	
33	74	1	
33	75	2	
33	78	1	
33	79	2	
33	82	1	
33	84	1	
33	85	1	
33	86	4	
33	87	2	
33	88	3	
34	0	1	
34	1	3	
34	5	1	
34	8	1	
34	10	1	
34	11	4	
34	12	1	
34	16	3	
34	17	1	
34	18	1	
34	20	1	
34	22	1	
34	23	1	
34	24	1	
34	25	3	
34	26	5	
34	27	3	
34	28	1	
34	29	4	
34	30	1	
34	31	3	
34	32	2	
34	33	3	
34	35	1	
34	36	1	
34	37	1	
34	38	4	
34	40	2	
34	41	3	
34	42	2	
34	43	1	
34	44	2	
34	45	4	
34	48	1	
34	50	1	
34	53	3	
34	55	2	
34	56	2	
34	60	2	
34	61	4	
34	63	1	
34	66	1	
34	67	2	
34	68	2	
34	70	1	
34	71	1	
34	72	1	
34	73	1	
34	74	1	
34	75	1	
34	78	1	
34	79	1	
34	82	2	
34	84	1	
34	85	2	
34	86	3	
34	87	1	
34	88	2	
35	5	2	
35	10	1	
35	12	1	
35	16	2	
35	17	1	
35	19	4	
35	20	2	
35	21	2	
35	22	1	
35	24	2	
35	25	4	
35	26	5	
35	27	2	
35	30	4	
35	31	4	
35	32	1	
35	33	1	
35	34	1	
35	37	3	
35	38	4	
35	39	1	
35	42	1	
35	45	3	
35	46	1	
35	47	1	
35	52	1	
35	55	1	
35	61	3	
35	62	1	
35	64	1	
35	65	1	
35	66	1	
35	67	1	
35	71	2	
35	74	1	
35	75	2	
35	78	1	
35	79	3	
35	80	2	
35	82	2	
35	83	1	
35	84	1	
35	85	1	
35	86	5	
35	87	1	
35	88	1	
35	90	1	
36	0	1	
36	1	1	
36	8	1	
36	11	1	
36	16	1	
36	17	1	
36	18	1	
36	20	1	
36	22	1	
36	23	1	
36	25	1	
36	26	1	
36	29	1	
36	32	1	
36	33	1	
36	34	1	
36	38	1	
36	40	1	
36	41	1	
36	42	1	
36	53	1	
36	55	1	
36	61	1	
36	67	1	
36	68	1	
36	70	1	
36	71	1	
36	72	1	
36	73	1	
36	75	1	
36	78	1	
36	82	1	
36	86	1	
36	87	1	
36	88	1	
37	4	1	
37	5	1	
37	7	1	
37	9	1	
37	10	2	
37	12	1	
37	16	1	
37	17	1	
37	19	2	
37	20	1	
37	21	3	
37	24	2	
37	25	5	
37	26	3	
37	27	1	
37	28	2	
37	29	1	
37	30	3	
37	31	3	
37	32	1	
37	33	1	
37	34	1	
37	35	3	
37	38	3	
37	43	1	
37	45	1	
37	46	1	
37	48	1	
37	53	2	
37	55	2	
37	58	1	
37	61	3	
37	62	2	
37	63	1	
37	64	1	
37	66	1	
37	67	1	
37	71	1	
37	72	1	
37	79	4	
37	81	1	
37	82	2	
37	83	1	
37	85	2	
37	86	3	
37	88	2	
37	89	1	
37	90	1	
38	0	1	
38	1	4	
38	5	1	
38	7	1	
38	8	1	
38	10	3	
38	11	3	
38	12	1	
38	16	4	
38	17	3	
38	18	1	
38	19	4	
38	20	2	
38	21	4	
38	22	1	
38	23	1	
38	24	1	
38	25	10	
38	26	7	
38	27	3	
38	28	3	
38	29	5	
38	30	4	
38	31	6	
38	32	2	
38	33	2	
38	34	4	
38	35	4	
38	36	1	
38	37	3	
38	39	1	
38	40	1	
38	41	2	
38	42	4	
38	43	1	
38	44	1	
38	45	4	
38	46	1	
38	47	1	
38	48	3	
38	50	1	
38	52	1	
38	53	4	
38	55	3	
38	56	1	
38	60	1	
38	61	5	
38	62	3	
38	63	2	
38	66	3	
38	67	3	
38	68	3	
38	70	1	
38	71	1	
38	72	2	
38	73	1	
38	74	2	
38	75	2	
38	78	2	
38	79	6	
38	80	2	
38	81	2	
38	82	4	
38	83	1	
38	85	4	
38	86	8	
38	87	1	
38	88	4	
38	89	3	
39	27	1	
39	30	1	
39	31	1	
39	35	1	
39	38	1	
39	47	1	
39	53	1	
39	62	1	
39	66	2	
39	78	2	
39	80	1	
39	82	1	
40	1	1	
40	5	1	
40	10	1	
40	11	2	
40	16	2	
40	18	1	
40	20	1	
40	23	1	
40	24	1	
40	25	1	
40	26	2	
40	27	2	
40	28	1	
40	29	2	
40	30	1	
40	31	1	
40	33	3	
40	34	2	
40	36	1	
40	38	1	
40	41	3	
40	42	3	
40	43	2	
40	44	2	
40	45	3	
40	48	1	
40	49	1	
40	53	1	
40	56	3	
40	60	3	
40	61	2	
40	63	1	
40	66	3	
40	67	1	
40	68	1	
40	74	1	
40	75	1	
40	79	1	
40	84	1	
40	85	1	
40	86	2	
40	87	1	
40	88	1	
41	0	1	
41	1	2	
41	8	1	
41	10	1	
41	11	3	
41	16	3	
41	17	1	
41	18	1	
41	20	1	
41	22	1	
41	23	1	
41	24	1	
41	25	2	
41	26	3	
41	27	2	
41	28	1	
41	29	3	
41	30	1	
41	31	1	
41	32	1	
41	33	3	
41	34	3	
41	36	1	
41	38	2	
41	40	3	
41	42	3	
41	43	2	
41	44	2	
41	45	2	
41	49	1	
41	53	2	
41	55	1	
41	56	3	
41	60	3	
41	61	3	
41	63	1	
41	66	2	
41	67	2	
41	68	2	
41	70	1	
41	71	1	
41	72	1	
41	73	1	
41	74	1	
41	75	1	
41	78	1	
41	82	1	
41	84	1	
41	85	1	
41	86	2	
41	87	1	
41	88	1	
42	0	1	
42	1	3	
42	5	2	
42	8	1	
42	10	1	
42	11	2	
42	16	3	
42	17	2	
42	18	2	
42	19	1	
42	20	3	
42	22	1	
42	23	2	
42	24	1	
42	25	3	
42	26	3	
42	27	1	
42	29	2	
42	30	3	
42	31	1	
42	32	1	
42	33	3	
42	34	2	
42	35	1	
42	36	1	
42	38	4	
42	40	3	
42	41	3	
42	43	2	
42	44	1	
42	45	3	
42	48	1	
42	49	1	
42	53	2	
42	55	1	
42	56	2	
42	60	2	
42	61	3	
42	62	2	
42	63	1	
42	66	3	
42	67	2	
42	68	2	
42	70	1	
42	71	1	
42	72	1	
42	73	1	
42	74	1	
42	75	2	
42	78	1	
42	79	2	
42	82	1	
42	83	1	
42	85	1	
42	86	4	
42	87	2	
42	88	2	
43	1	2	
43	4	1	
43	5	1	
43	9	1	
43	10	1	
43	11	1	
43	16	1	
43	20	2	
43	21	1	
43	24	1	
43	25	2	
43	26	2	
43	27	1	
43	29	1	
43	30	2	
43	31	1	
43	33	3	
43	34	1	
43	37	1	
43	38	1	
43	40	2	
43	41	2	
43	42	2	
43	44	1	
43	45	1	
43	49	2	
43	53	2	
43	56	2	
43	60	2	
43	61	2	
43	62	1	
43	63	1	
43	66	2	
43	67	1	
43	68	2	
43	73	1	
43	79	1	
43	85	1	
43	86	1	
43	88	2	
44	1	1	
44	10	1	
44	11	2	
44	16	2	
44	24	1	
44	25	1	
44	26	2	
44	27	2	
44	28	1	
44	29	2	
44	30	1	
44	31	1	
44	32	1	
44	33	2	
44	34	2	
44	38	1	
44	40	2	
44	41	2	
44	42	1	
44	43	1	
44	45	2	
44	53	1	
44	56	2	
44	60	2	
44	61	3	
44	63	1	
44	66	1	
44	67	1	
44	68	1	
44	74	1	
44	83	1	
44	84	1	
44	85	1	
44	86	2	
44	89	1	
45	1	2	
45	5	4	
45	10	1	
45	11	3	
45	12	1	
45	16	6	
45	17	1	
45	18	1	
45	19	3	
45	20	3	
45	21	1	
45	22	1	
45	23	1	
45	24	1	
45	25	4	
45	26	6	
45	27	3	
45	28	1	
45	29	3	
45	30	2	
45	31	5	
45	32	1	
45	33	3	
45	34	4	
45	35	3	
45	37	1	
45	38	4	
45	40	3	
45	41	2	
45	42	3	
45	43	1	
45	44	2	
45	46	1	
45	47	1	
45	48	2	
45	50	1	
45	53	2	
45	54	1	
45	55	1	
45	56	2	
45	60	2	
45	61	6	
45	63	2	
45	65	3	
45	66	2	
45	67	3	
45	68	2	
45	70	1	
45	71	1	
45	72	1	
45	74	2	
45	75	2	
45	79	3	
45	80	2	
45	82	1	
45	83	1	
45	84	1	
45	85	2	
45	86	5	
45	87	2	
45	88	2	
46	5	1	
46	7	1	
46	16	1	
46	17	1	
46	19	2	
46	20	1	
46	21	2	
46	22	2	
46	25	1	
46	26	2	
46	28	1	
46	29	1	
46	35	1	
46	37	1	
46	38	1	
46	45	1	
46	48	1	
46	61	1	
46	62	1	
46	65	1	
46	66	1	
46	67	2	
46	71	1	
46	72	2	
46	75	1	
46	79	2	
46	80	2	
46	81	1	
46	82	1	
46	85	1	
46	86	2	
46	87	1	
47	16	1	
47	19	1	
47	21	1	
47	25	2	
47	26	1	
47	28	1	
47	31	2	
47	33	1	
47	35	1	
47	38	1	
47	39	1	
47	45	1	
47	52	1	
47	53	1	
47	62	2	
47	63	1	
47	65	1	
47	66	1	
47	67	1	
47	68	1	
47	74	1	
47	78	1	
47	79	1	
47	80	1	
47	81	1	
47	86	2	
47	88	1	
48	1	1	
48	5	1	
48	7	1	
48	11	1	
48	12	1	
48	16	1	
48	17	1	
48	18	1	
48	19	2	
48	20	1	
48	21	1	
48	23	1	
48	25	2	
48	26	1	
48	28	1	
48	29	2	
48	31	1	
48	33	1	
48	34	1	
48	37	1	
48	38	3	
48	40	1	
48	42	1	
48	45	2	
48	46	1	
48	50	1	
48	53	1	
48	62	1	
48	66	2	
48	67	1	
48	68	1	
48	72	1	
48	75	1	
48	79	2	
48	81	1	
48	82	1	
48	85	2	
48	86	3	
48	87	2	
48	88	1	
49	30	1	
49	33	1	
49	40	1	
49	41	1	
49	42	1	
49	43	2	
49	56	1	
49	60	1	
49	66	1	
50	1	1	
50	11	1	
50	26	1	
50	29	1	
50	31	1	
50	34	1	
50	38	1	
50	45	1	
50	48	1	
50	53	1	
50	85	1	
52	19	2	
52	25	1	
52	31	1	
52	33	1	
52	35	1	
52	38	1	
52	47	1	
52	62	1	
52	78	1	
52	79	1	
52	81	1	
52	86	1	
52	89	1	
53	0	2	
53	1	5	
53	4	1	
53	5	2	
53	8	1	
53	9	1	
53	10	1	
53	11	3	
53	12	1	
53	16	2	
53	17	1	
53	18	1	
53	19	1	
53	20	2	
53	21	1	
53	22	1	
53	23	1	
53	24	3	
53	25	3	
53	26	5	
53	27	1	
53	29	4	
53	30	1	
53	31	2	
53	32	1	
53	33	3	
53	34	3	
53	36	1	
53	37	2	
53	38	4	
53	39	1	
53	40	1	
53	41	2	
53	42	2	
53	43	2	
53	44	1	
53	45	2	
53	47	1	
53	48	1	
53	50	1	
53	55	1	
53	56	1	
53	60	1	
53	61	4	
53	62	3	
53	63	1	
53	65	1	
53	66	2	
53	67	2	
53	68	2	
53	70	1	
53	71	1	
53	72	1	
53	73	1	
53	75	1	
53	78	2	
53	79	2	
53	82	2	
53	83	1	
53	85	2	
53	86	3	
53	87	2	
53	88	3	
53	89	1	
54	5	1	
54	16	1	
54	19	1	
54	45	1	
54	61	1	
54	65	1	
54	70	1	
55	0	1	
55	1	1	
55	8	1	
55	10	1	
55	11	1	
55	12	1	
55	16	1	
55	17	1	
55	18	1	
55	20	1	
55	22	1	
55	23	1	
55	25	3	
55	26	2	
55	27	1	
55	28	1	
55	29	1	
55	31	1	
55	32	2	
55	33	1	
55	34	2	
55	35	1	
55	36	1	
55	37	2	
55	38	3	
55	41	1	
55	42	1	
55	45	1	
55	53	1	
55	61	2	
55	63	1	
55	67	1	
55	68	1	
55	70	1	
55	71	1	
55	72	1	
55	73	1	
55	75	1	
55	78	1	
55	79	1	
55	82	2	
55	86	2	
55	87	1	
55	88	2	
55	89	1	
56	1	1	
56	10	1	
56	11	2	
56	16	2	
56	24	1	
56	25	1	
56	26	2	
56	27	2	
56	28	1	
56	29	2	
56	30	1	
56	31	1	
56	33	2	
56	34	2	
56	38	1	
56	40	3	
56	41	3	
56	42	2	
56	43	2	
56	44	2	
56	45	2	
56	49	1	
56	53	1	
56	60	3	
56	61	2	
56	63	1	
56	66	2	
56	67	1	
56	68	1	
56	74	1	
56	84	1	
56	85	1	
56	86	1	
58	5	1	
58	10	2	
58	16	1	
58	30	1	
58	32	1	
58	37	1	
58	64	1	
58	79	1	
58	86	2	
58	90	3	
59	14	1	
60	1	1	
60	10	1	
60	11	2	
60	16	2	
60	24	1	
60	25	1	
60	26	2	
60	27	2	
60	28	1	
60	29	2	
60	30	1	
60	31	1	
60	33	2	
60	34	2	
60	38	1	
60	40	3	
60	41	3	
60	42	2	
60	43	2	
60	44	2	
60	45	2	
60	49	1	
60	53	1	
60	56	3	
60	61	2	
60	63	1	
60	66	2	
60	67	1	
60	68	1	
60	74	1	
60	84	1	
60	85	1	
60	86	1	
61	0	2	
61	1	3	
61	4	1	
61	5	4	
61	8	1	
61	9	1	
61	10	1	
61	11	3	
61	12	1	
61	16	8	
61	17	2	
61	18	1	
61	19	3	
61	20	4	
61	21	2	
61	22	3	
61	23	1	
61	24	2	
61	25	5	
61	26	8	
61	27	4	
61	28	1	
61	29	3	
61	30	3	
61	31	6	
61	32	2	
61	33	4	
61	34	4	
61	35	3	
61	36	1	
61	37	3	
61	38	5	
61	40	2	
61	41	3	
61	42	3	
61	43	2	
61	44	3	
61	45	6	
61	46	1	
61	53	4	
61	54	1	
61	55	2	
61	56	2	
61	60	2	
61	62	2	
61	63	1	
61	65	3	
61	66	1	
61	67	3	
61	68	3	
61	70	2	
61	71	2	
61	72	1	
61	73	1	
61	74	2	
61	75	3	
61	78	3	
61	79	3	
61	80	1	
61	82	3	
61	83	2	
61	84	1	
61	85	1	
61	86	7	
61	87	3	
61	88	4	
61	89	2	
62	0	1	
62	1	2	
62	4	1	
62	5	1	
62	7	1	
62	9	1	
62	10	1	
62	17	1	
62	20	1	
62	21	2	
62	24	1	
62	25	2	
62	26	1	
62	28	1	
62	29	1	
62	30	1	
62	31	3	
62	33	2	
62	35	1	
62	37	2	
62	38	3	
62	39	1	
62	42	2	
62	43	1	
62	46	1	
62	47	2	
62	48	1	
62	52	1	
62	53	3	
62	61	2	
62	65	1	
62	66	2	
62	67	2	
62	72	1	
62	74	1	
62	78	1	
62	79	5	
62	81	1	
62	82	1	
62	83	1	
62	85	2	
62	86	3	
62	87	1	
62	88	1	
62	89	1	
63	1	1	
63	10	2	
63	11	1	
63	16	3	
63	24	1	
63	25	4	
63	26	1	
63	27	1	
63	28	2	
63	29	1	
63	30	1	
63	31	1	
63	33	1	
63	34	1	
63	37	1	
63	38	2	
63	40	1	
63	41	1	
63	42	1	
63	43	1	
63	44	1	
63	45	2	
63	47	1	
63	53	1	
63	55	1	
63	56	1	
63	60	1	
63	61	1	
63	65	1	
63	66	1	
63	67	3	
63	68	2	
63	85	1	
63	86	1	
63	89	1	
64	24	1	
64	25	1	
64	26	1	
64	31	1	
64	35	1	
64	37	1	
64	58	1	
64	79	1	
64	86	1	
64	90	1	
65	0	1	
65	1	1	
65	5	2	
65	16	3	
65	19	2	
65	20	1	
65	21	1	
65	22	1	
65	24	1	
65	25	1	
65	26	1	
65	31	1	
65	35	1	
65	45	3	
65	46	1	
65	47	1	
65	53	1	
65	54	1	
65	61	3	
65	62	1	
65	63	1	
65	67	4	
65	68	2	
65	70	1	
65	71	1	
65	75	1	
65	79	1	
65	80	2	
65	82	1	
65	83	1	
65	86	1	
65	87	2	
65	89	1	
66	1	1	
66	5	1	
66	7	1	
66	10	1	
66	11	1	
66	16	1	
66	17	1	
66	18	1	
66	20	1	
66	21	1	
66	23	1	
66	24	1	
66	25	2	
66	26	1	
66	27	2	
66	28	1	
66	29	2	
66	30	2	
66	31	1	
66	33	2	
66	34	1	
66	35	1	
66	37	1	
66	38	3	
66	39	2	
66	40	3	
66	41	2	
66	42	3	
66	43	2	
66	44	1	
66	45	2	
66	46	1	
66	47	1	
66	48	2	
66	49	1	
66	53	2	
66	56	2	
66	60	2	
66	61	1	
66	62	2	
66	63	1	
66	67	2	
66	68	1	
66	72	1	
66	75	1	
66	78	2	
66	79	2	
66	80	1	
66	81	1	
66	82	2	
66	85	2	
66	86	3	
66	87	1	
66	88	1	
67	0	1	
67	1	2	
67	5	1	
67	7	1	
67	8	1	
67	10	1	
67	11	2	
67	12	1	
67	16	5	
67	17	2	
67	18	1	
67	19	2	
67	20	2	
67	21	2	
67	22	2	
67	23	1	
67	24	2	
67	25	6	
67	26	3	
67	27	1	
67	28	2	
67	29	3	
67	30	1	
67	31	1	
67	32	2	
67	33	2	
67	34	2	
67	35	1	
67	36	1	
67	37	1	
67	38	3	
67	40	1	
67	41	2	
67	42	2	
67	43	1	
67	44	1	
67	45	3	
67	46	2	
67	47	1	
67	48	1	
67	53	2	
67	55	1	
67	56	1	
67	60	1	
67	61	3	
67	62	2	
67	63	3	
67	65	4	
67	66	2	
67	68	4	
67	70	1	
67	71	2	
67	72	2	
67	73	1	
67	74	1	
67	75	2	
67	78	1	
67	79	2	
67	80	2	
67	81	1	
67	82	2	
67	85	2	
67	86	5	
67	87	2	
67	88	1	
68	0	1	
68	1	3	
68	8	1	
68	10	1	
68	11	2	
68	16	5	
68	17	1	
68	18	1	
68	19	1	
68	20	2	
68	22	1	
68	23	1	
68	24	1	
68	25	4	
68	26	2	
68	27	1	
68	29	2	
68	30	1	
68	31	3	
68	32	1	
68	33	2	
68	34	2	
68	36	1	
68	38	3	
68	40	1	
68	41	2	
68	42	2	
68	43	2	
68	44	1	
68	45	2	
68	47	1	
68	48	1	
68	53	2	
68	55	1	
68	56	1	
68	60	1	
68	61	3	
68	63	2	
68	65	2	
68	66	1	
68	67	4	
68	70	1	
68	71	1	
68	72	1	
68	73	2	
68	75	3	
68	78	2	
68	80	2	
68	82	1	
68	85	1	
68	86	3	
68	87	1	
68	88	1	
70	0	1	
70	1	1	
70	5	2	
70	8	1	
70	11	1	
70	16	2	
70	17	1	
70	18	1	
70	19	1	
70	20	1	
70	22	1	
70	23	1	
70	25	1	
70	26	1	
70	29	1	
70	32	1	
70	33	1	
70	34	1	
70	36	1	
70	38	1	
70	41	1	
70	42	1	
70	45	1	
70	53	1	
70	54	1	
70	55	1	
70	61	2	
70	65	1	
70	67	1	
70	68	1	
70	71	1	
70	72	1	
70	73	1	
70	75	1	
70	78	1	
70	79	1	
70	82	1	
70	86	1	
70	87	1	
70	88	1	
71	0	1	
71	1	1	
71	5	2	
71	8	2	
71	10	1	
71	11	1	
71	16	2	
71	17	1	
71	18	1	
71	19	3	
71	20	2	
71	21	2	
71	22	2	
71	23	1	
71	24	1	
71	25	1	
71	26	3	
71	29	2	
71	30	1	
71	32	1	
71	33	1	
71	34	1	
71	35	2	
71	36	1	
71	37	1	
71	38	1	
71	41	1	
71	42	1	
71	45	1	
71	46	1	
71	53	1	
71	55	1	
71	61	2	
71	65	1	
71	67	2	
71	68	1	
71	70	1	
71	72	1	
71	73	1	
71	75	2	
71	78	1	
71	79	1	
71	80	1	
71	82	1	
71	85	1	
71	86	2	
71	87	2	
71	88	1	
71	90	1	
72	0	1	
72	1	1	
72	7	1	
72	8	1	
72	11	1	
72	16	1	
72	17	2	
72	18	1	
72	20	1	
72	21	1	
72	22	1	
72	23	1	
72	25	2	
72	26	1	
72	28	1	
72	29	2	
72	32	1	
72	33	1	
72	34	1	
72	36	1	
72	37	1	
72	38	2	
72	41	1	
72	42	1	
72	45	1	
72	46	2	
72	48	1	
72	53	1	
72	55	1	
72	61	1	
72	62	1	
72	66	1	
72	67	2	
72	68	1	
72	70	1	
72	71	1	
72	73	1	
72	75	1	
72	78	1	
72	79	1	
72	80	1	
72	81	1	
72	82	2	
72	85	1	
72	86	2	
72	87	1	
72	88	1	
73	0	1	
73	1	2	
73	8	1	
73	11	1	
73	16	1	
73	17	1	
73	18	2	
73	20	3	
73	22	1	
73	23	2	
73	25	1	
73	26	1	
73	29	1	
73	32	1	
73	33	1	
73	34	1	
73	36	1	
73	38	1	
73	41	1	
73	42	1	
73	43	1	
73	53	1	
73	55	1	
73	61	1	
73	67	1	
73	68	2	
73	70	1	
73	71	1	
73	72	1	
73	75	1	
73	78	1	
73	82	1	
73	86	1	
73	87	1	
73	88	1	
74	5	1	
74	11	1	
74	16	2	
74	17	1	
74	19	2	
74	20	1	
74	21	1	
74	25	2	
74	26	4	
74	27	1	
74	28	2	
74	29	1	
74	30	1	
74	31	3	
74	33	1	
74	34	1	
74	35	1	
74	38	2	
74	40	1	
74	41	1	
74	42	1	
74	44	1	
74	45	2	
74	47	1	
74	56	1	
74	60	1	
74	61	2	
74	62	1	
74	67	1	
74	79	1	
74	80	1	
74	81	2	
74	83	1	
74	84	1	
74	86	2	
74	88	1	
75	0	1	
75	1	1	
75	5	3	
75	8	1	
75	11	1	
75	16	4	
75	17	1	
75	18	2	
75	19	1	
75	20	3	
75	21	3	
75	22	2	
75	23	2	
75	24	1	
75	25	1	
75	26	2	
75	28	1	
75	29	1	
75	31	2	
75	32	1	
75	33	2	
75	34	1	
75	35	2	
75	36	1	
75	38	2	
75	40	1	
75	41	1	
75	42	2	
75	45	2	
75	46	1	
75	48	1	
75	53	1	
75	55	1	
75	61	3	
75	65	1	
75	66	1	
75	67	2	
75	68	3	
75	70	1	
75	71	2	
75	72	1	
75	73	1	
75	78	2	
75	79	2	
75	80	1	
75	82	1	
75	86	4	
75	87	3	
75	88	4	
78	0	1	
78	1	1	
78	8	1	
78	11	1	
78	16	2	
78	17	1	
78	18	1	
78	19	1	
78	20	1	
78	22	1	
78	23	1	
78	25	1	
78	26	1	
78	27	1	
78	29	1	
78	30	1	
78	31	2	
78	32	1	
78	33	1	
78	34	1	
78	35	1	
78	36	1	
78	38	2	
78	39	2	
78	41	1	
78	42	1	
78	47	1	
78	52	1	
78	53	2	
78	55	1	
78	61	3	
78	62	1	
78	66	2	
78	67	1	
78	68	2	
78	70	1	
78	71	1	
78	72	1	
78	73	1	
78	75	2	
78	80	1	
78	82	2	
78	86	1	
78	87	1	
78	88	1	
79	4	1	
79	5	4	
79	7	1	
79	9	1	
79	10	1	
79	12	2	
79	16	1	
79	17	1	
79	18	1	
79	19	3	
79	20	3	
79	21	4	
79	22	1	
79	23	1	
79	24	2	
79	25	6	
79	26	5	
79	27	1	
79	28	2	
79	29	1	
79	30	1	
79	31	6	
79	32	1	
79	33	2	
79	34	1	
79	35	3	
79	37	4	
79	38	6	
79	40	1	
79	42	2	
79	43	1	
79	45	3	
79	46	2	
79	47	1	
79	48	2	
79	52	1	
79	53	2	
79	55	1	
79	58	1	
79	61	3	
79	62	5	
79	64	1	
79	65	1	
79	66	2	
79	67	2	
79	70	1	
79	71	1	
79	72	1	
79	74	1	
79	75	2	
79	80	2	
79	81	2	
79	82	2	
79	85	2	
79	86	8	
79	87	3	
79	88	5	
79	89	1	
80	0	1	
80	5	1	
80	7	1	
80	8	1	
80	16	1	
80	19	3	
80	20	1	
80	21	3	
80	22	1	
80	25	1	
80	26	3	
80	27	1	
80	28	1	
80	30	1	
80	31	2	
80	32	1	
80	35	2	
80	38	2	
80	39	1	
80	45	2	
80	46	2	
80	47	1	
80	61	1	
80	65	2	
80	66	1	
80	67	2	
80	68	2	
80	71	1	
80	72	1	
80	74	1	
80	75	1	
80	78	1	
80	79	2	
80	81	1	
80	82	2	
80	86	3	
80	87	1	
80	88	1	
81	7	1	
81	17	1	
81	19	1	
81	21	2	
81	25	2	
81	26	3	
81	28	2	
81	29	1	
81	30	1	
81	31	2	
81	37	1	
81	38	2	
81	46	1	
81	47	1	
81	48	1	
81	52	1	
81	62	1	
81	66	1	
81	67	1	
81	72	1	
81	74	2	
81	79	2	
81	80	1	
81	82	1	
81	85	1	
81	86	2	
81	87	1	
81	88	1	
82	0	2	
82	1	1	
82	5	1	
82	7	2	
82	8	2	
82	11	1	
82	12	1	
82	16	1	
82	17	2	
82	18	1	
82	19	1	
82	20	1	
82	21	2	
82	22	1	
82	23	1	
82	25	3	
82	26	3	
82	27	2	
82	28	1	
82	29	2	
82	30	1	
82	31	3	
82	32	3	
82	33	1	
82	34	2	
82	35	2	
82	36	1	
82	37	2	
82	38	4	
82	39	1	
82	41	1	
82	42	1	
82	45	1	
82	46	1	
82	48	1	
82	53	2	
82	55	2	
82	61	3	
82	62	1	
82	65	1	
82	66	2	
82	67	2	
82	68	1	
82	70	1	
82	71	1	
82	72	2	
82	73	1	
82	75	1	
82	78	2	
82	79	2	
82	80	2	
82	81	1	
82	85	1	
82	86	5	
82	87	1	
82	88	2	
82	89	1	
83	0	1	
83	1	1	
83	5	1	
83	16	1	
83	17	1	
83	19	1	
83	20	1	
83	24	1	
83	25	1	
83	26	1	
83	30	1	
83	31	1	
83	32	2	
83	35	1	
83	37	1	
83	38	1	
83	42	1	
83	44	1	
83	45	1	
83	53	1	
83	61	2	
83	62	1	
83	65	1	
83	74	1	
83	86	1	
83	87	1	
83	89	2	
84	11	1	
84	16	1	
84	26	1	
84	27	1	
84	28	1	
84	29	1	
84	31	1	
84	33	1	
84	34	1	
84	35	1	
84	40	1	
84	41	1	
84	44	1	
84	45	1	
84	56	1	
84	60	1	
84	61	1	
84	74	1	
85	1	2	
85	4	1	
85	7	1	
85	9	1	
85	10	3	
85	11	2	
85	16	1	
85	17	1	
85	19	1	
85	21	3	
85	24	2	
85	25	2	
85	26	2	
85	27	1	
85	28	1	
85	29	3	
85	30	2	
85	31	2	
85	33	1	
85	34	2	
85	35	1	
85	37	2	
85	38	4	
85	40	1	
85	41	1	
85	42	1	
85	43	1	
85	44	1	
85	45	2	
85	46	1	
85	48	2	
85	50	1	
85	53	2	
85	56	1	
85	60	1	
85	61	1	
85	62	2	
85	63	1	
85	66	2	
85	67	2	
85	68	1	
85	71	1	
85	72	1	
85	79	2	
85	81	1	
85	82	1	
85	86	3	
85	90	2	
86	0	1	
86	1	2	
86	5	7	
86	7	1	
86	8	1	
86	10	3	
86	11	2	
86	12	2	
86	16	7	
86	17	3	
86	18	2	
86	19	6	
86	20	4	
86	21	3	
86	22	3	
86	23	2	
86	24	2	
86	25	8	
86	26	9	
86	27	3	
86	28	2	
86	29	3	
86	30	4	
86	31	5	
86	32	4	
86	33	4	
86	34	3	
86	35	5	
86	36	1	
86	37	3	
86	38	8	
86	40	2	
86	41	2	
86	42	4	
86	43	1	
86	44	2	
86	45	5	
86	46	2	
86	47	2	
86	48	3	
86	52	1	
86	53	3	
86	55	2	
86	56	1	
86	58	2	
86	60	1	
86	61	7	
86	62	3	
86	63	1	
86	64	1	
86	65	1	
86	66	3	
86	67	5	
86	68	3	
86	70	1	
86	71	2	
86	72	2	
86	73	1	
86	74	2	
86	75	4	
86	78	1	
86	79	8	
86	80	3	
86	81	2	
86	82	5	
86	83	1	
86	85	3	
86	87	4	
86	88	5	
86	90	1	
87	0	2	
87	1	2	
87	5	2	
87	8	1	
87	11	1	
87	16	2	
87	17	1	
87	18	2	
87	19	2	
87	20	3	
87	21	1	
87	22	2	
87	23	2	
87	24	1	
87	25	1	
87	26	2	
87	29	1	
87	32	1	
87	33	2	
87	34	1	
87	35	1	
87	36	1	
87	38	1	
87	40	1	
87	41	1	
87	42	2	
87	45	2	
87	46	1	
87	48	2	
87	53	2	
87	55	1	
87	61	3	
87	62	1	
87	65	2	
87	66	1	
87	67	2	
87	68	1	
87	70	1	
87	71	2	
87	72	1	
87	73	1	
87	75	3	
87	78	1	
87	79	3	
87	80	1	
87	81	1	
87	82	1	
87	83	1	
87	86	4	
87	88	2	
87	89	1	
88	0	1	
88	1	1	
88	4	1	
88	5	3	
88	8	1	
88	9	1	
88	11	1	
88	12	2	
88	16	1	
88	17	1	
88	18	2	
88	19	1	
88	20	3	
88	21	2	
88	22	1	
88	23	2	
88	24	2	
88	25	4	
88	26	4	
88	27	1	
88	28	1	
88	29	1	
88	31	3	
88	32	2	
88	33	3	
88	34	2	
88	35	1	
88	36	1	
88	37	2	
88	38	4	
88	40	1	
88	41	1	
88	42	2	
88	43	2	
88	45	2	
88	47	1	
88	48	1	
88	53	3	
88	55	2	
88	61	4	
88	62	1	
88	66	1	
88	67	1	
88	68	1	
88	70	1	
88	71	1	
88	72	1	
88	73	1	
88	74	1	
88	75	4	
88	78	1	
88	79	5	
88	80	1	
88	81	1	
88	82	2	
88	86	5	
88	87	2	
89	0	1	
89	1	1	
89	10	1	
89	19	1	
89	24	1	
89	25	3	
89	28	1	
89	31	2	
89	32	1	
89	37	1	
89	38	3	
89	44	1	
89	52	1	
89	53	1	
89	55	1	
89	61	2	
89	62	1	
89	63	1	
89	65	1	
89	79	1	
89	82	1	
89	83	2	
89	87	1	
90	4	1	
90	5	1	
90	9	1	
90	10	3	
90	16	1	
90	19	1	
90	21	2	
90	24	1	
90	30	1	
90	32	1	
90	35	1	
90	37	1	
90	58	3	
90	64	1	
90	71	1	
90	85	2	
90	86	1	
