33	0.0059800296401504
32	0.00471153842716267
63	0.0157655325226036
21	0.0141346153217332
90	0.00108727809853891
71	0.00108727809291544
102	0.0212019230103812
26	0.0110539940078728
99	0.0134097632601786
18	0.00199334329581672
16	0.00108727810635887
44	0.00108727809871866
55	0.00797337278419693
84	0.00978550291460351
74	0.0141346153778164
27	0.0173964497201132
95	0.00362426034964435
57	0.00362426033340327
61	0.0193897927980304
108	0.0186649407454994
20	0.0155843194405917
109	0.00688609468810848
92	0.00561760361556326
103	0.0324371300809551
89	0.0164903846516177
10	0.00434911240878894
31	0.0228328401823168
35	0.0237389052268704
11	0.000906065279419391
78	0.0230140532493848
107	0.00797337278419693
87	0.00380547335505126
77	0.00561760361556326
93	0.0025369823074147
106	0.00235576928897461
29	0.0125036981707672
65	0.0170340237380273
39	0.0166715975672342
64	0.000906065082136379
97	0.0264571004996603
41	0.00598002954988569
12	0.00453032543065037
58	0.00289940851881757
15	0.0114164200413392
81	0.0154031064560565
52	0.0148594674006709
60	0.00235576928897461
56	0.00453032545074116
66	0.0112352071098326
101	0.0123224851965962
73	0.00380547338030363
45	0.01
19	0.0201146448782987
86	0.00326183438292754
76	0.00235576928897461
62	0.00525517775021333
54	0.0260946744816066
67	0.0154031064594815
70	0.00688609466839678
68	0.000181213016738753
17	0.00561760361556326
1	0.01540310646755
88	0.00235576928897461
100	0.00652366866884252
110	0.0190273667525658
82	0.00924186386093568
25	0.0105103550065546
28	0.0177588757029345
40	0.0094230768906256
75	0.0114164201462457
83	0.00742973382286925
14	0.00344304731552701
69	0.0150406804987407
59	0.0112352071300226
49	0.0121412721471585
24	0.0119600590825094
104	0.01866494076146
53	0.000906065279419391
79	0.00289940857749231
22	0.00761094668224852
42	0.0101479290022898
0	0.0105103550005817
46	0.015584319479328
13	0.002899408340591
23	0.00108727809291544
105	0.0159467454985657
96	0.00833579890270525
6	0.0166715977389046
85	0.000362426032227021
3	0.0106915679906231
36	0.00779215975229525
51	0.00434911243463776
47	0.00362426033227143
38	0.0271819525607087
8	0.000906065279419391
98	0.0134097632838635
34	0.011778846067831
37	0.0141346153071435
43	0.00217455631597007
5	0.01
