0	1	1	
0	2	1	
0	11	1	
0	26	1	
0	51	1	
0	67	1	
0	74	1	
0	75	1	
0	77	1	
0	96	1	
0	114	1	
0	129	1	
1	0	1	
1	2	1	
1	11	1	
1	26	1	
1	51	1	
1	67	1	
1	74	1	
1	75	1	
1	77	1	
1	96	1	
1	114	1	
1	129	1	
2	0	1	
2	1	1	
2	7	1	
2	10	1	
2	11	1	
2	13	1	
2	15	1	
2	16	1	
2	17	1	
2	23	1	
2	26	1	
2	27	1	
2	29	1	
2	30	1	
2	33	1	
2	34	1	
2	42	1	
2	45	1	
2	46	1	
2	48	1	
2	51	1	
2	52	1	
2	57	1	
2	60	1	
2	61	1	
2	62	1	
2	67	1	
2	74	1	
2	75	1	
2	77	1	
2	90	1	
2	92	1	
2	93	1	
2	94	1	
2	96	1	
2	104	1	
2	105	1	
2	114	2	
2	117	1	
2	121	1	
2	124	1	
2	127	1	
2	129	1	
3	55	1	
4	14	1	
4	16	1	
4	17	1	
4	21	1	
4	27	1	
4	28	1	
4	29	1	
4	30	1	
4	32	1	
4	33	1	
4	34	2	
4	36	1	
4	37	2	
4	38	1	
4	40	1	
4	41	1	
4	42	1	
4	43	3	
4	49	3	
4	58	2	
4	63	1	
4	65	1	
4	68	1	
4	69	1	
4	72	1	
4	73	1	
4	78	2	
4	79	1	
4	80	1	
4	81	1	
4	83	1	
4	84	1	
4	92	1	
4	94	2	
4	95	1	
4	102	1	
4	104	2	
4	105	2	
4	110	2	
4	116	1	
4	118	1	
4	120	2	
4	121	1	
4	123	1	
4	126	2	
4	128	1	
4	129	1	
5	33	1	
5	49	1	
5	53	1	
5	57	1	
5	67	1	
5	91	1	
5	113	1	
5	126	1	
6	56	1	
7	2	1	
7	9	1	
7	10	2	
7	13	2	
7	15	1	
7	16	2	
7	17	1	
7	23	1	
7	24	1	
7	26	1	
7	27	1	
7	29	1	
7	30	1	
7	33	1	
7	34	2	
7	35	1	
7	40	1	
7	42	1	
7	43	1	
7	45	1	
7	46	1	
7	48	1	
7	52	1	
7	57	1	
7	60	1	
7	61	1	
7	62	1	
7	78	1	
7	79	1	
7	81	1	
7	83	1	
7	89	1	
7	90	1	
7	92	1	
7	93	1	
7	94	1	
7	95	1	
7	99	1	
7	100	1	
7	104	2	
7	105	2	
7	112	1	
7	114	1	
7	116	1	
7	117	1	
7	121	2	
7	122	1	
7	123	1	
7	124	1	
7	127	1	
8	12	1	
8	16	1	
8	21	1	
8	28	1	
8	32	1	
8	35	1	
8	36	1	
8	40	2	
8	41	1	
8	43	1	
8	46	1	
8	65	1	
8	72	1	
8	81	1	
8	100	1	
8	102	1	
8	118	1	
8	119	1	
8	121	1	
8	129	1	
9	7	1	
9	10	1	
9	16	1	
9	24	1	
9	26	1	
9	34	1	
9	35	1	
9	40	1	
9	43	1	
9	78	1	
9	79	1	
9	81	1	
9	83	1	
9	88	1	
9	89	1	
9	95	1	
9	99	1	
9	100	1	
9	104	1	
9	105	1	
9	112	1	
9	116	1	
9	121	1	
9	122	1	
9	123	1	
10	2	1	
10	7	2	
10	9	1	
10	13	1	
10	15	1	
10	16	2	
10	17	1	
10	23	1	
10	24	1	
10	26	1	
10	27	1	
10	29	1	
10	30	1	
10	33	1	
10	34	2	
10	35	1	
10	40	1	
10	42	1	
10	43	1	
10	45	1	
10	46	1	
10	48	1	
10	52	1	
10	57	1	
10	60	1	
10	61	1	
10	62	1	
10	78	1	
10	79	1	
10	81	1	
10	83	1	
10	89	1	
10	90	1	
10	92	1	
10	93	1	
10	94	1	
10	95	1	
10	99	1	
10	100	1	
10	104	2	
10	105	2	
10	112	1	
10	114	1	
10	116	1	
10	117	1	
10	121	2	
10	122	1	
10	123	1	
10	124	1	
10	127	1	
11	0	1	
11	1	1	
11	2	1	
11	26	1	
11	51	1	
11	67	1	
11	74	1	
11	75	1	
11	77	1	
11	96	1	
11	114	1	
11	129	1	
12	8	1	
12	21	1	
12	22	1	
12	27	2	
12	28	1	
12	32	1	
12	35	1	
12	36	1	
12	40	1	
12	42	2	
12	43	3	
12	62	5	
12	64	2	
12	65	3	
12	72	3	
12	80	1	
12	92	1	
12	97	2	
12	100	3	
12	102	1	
12	103	1	
12	110	3	
12	118	1	
12	119	1	
12	120	1	
12	121	2	
12	122	3	
12	129	1	
13	2	1	
13	7	2	
13	10	1	
13	15	1	
13	16	1	
13	17	1	
13	23	1	
13	27	1	
13	29	1	
13	30	1	
13	33	1	
13	34	1	
13	42	1	
13	45	1	
13	46	1	
13	48	1	
13	52	1	
13	57	1	
13	60	1	
13	61	1	
13	62	1	
13	90	1	
13	92	1	
13	93	1	
13	94	1	
13	104	1	
13	105	1	
13	114	1	
13	117	1	
13	121	1	
13	124	1	
13	127	1	
14	4	1	
14	17	1	
14	78	1	
14	116	1	
14	123	1	
15	2	1	
15	7	1	
15	10	1	
15	13	1	
15	16	1	
15	17	1	
15	22	1	
15	23	1	
15	27	1	
15	29	1	
15	30	1	
15	33	1	
15	34	2	
15	36	1	
15	42	1	
15	44	1	
15	45	1	
15	46	1	
15	48	1	
15	50	1	
15	52	1	
15	57	1	
15	59	1	
15	60	1	
15	61	1	
15	62	1	
15	90	1	
15	92	1	
15	93	1	
15	94	1	
15	104	1	
15	105	1	
15	110	1	
15	114	1	
15	117	1	
15	121	2	
15	124	2	
15	127	1	
16	2	1	
16	4	1	
16	7	2	
16	8	1	
16	9	1	
16	10	2	
16	13	1	
16	15	1	
16	17	1	
16	23	1	
16	24	1	
16	26	1	
16	27	2	
16	29	1	
16	30	1	
16	33	1	
16	34	2	
16	35	2	
16	40	2	
16	41	1	
16	42	1	
16	43	2	
16	45	1	
16	46	2	
16	47	1	
16	48	1	
16	49	1	
16	52	2	
16	57	1	
16	60	1	
16	61	1	
16	62	1	
16	78	1	
16	79	1	
16	80	1	
16	81	2	
16	83	3	
16	85	1	
16	89	1	
16	90	1	
16	92	1	
16	93	2	
16	94	1	
16	95	1	
16	99	1	
16	100	1	
16	104	3	
16	105	3	
16	110	1	
16	112	1	
16	114	1	
16	116	1	
16	117	1	
16	119	1	
16	121	3	
16	122	3	
16	123	1	
16	124	2	
16	126	1	
16	127	1	
17	2	1	
17	4	1	
17	7	1	
17	10	1	
17	13	1	
17	14	1	
17	15	1	
17	16	1	
17	23	1	
17	27	1	
17	29	1	
17	30	1	
17	33	1	
17	34	1	
17	42	1	
17	45	1	
17	46	1	
17	48	1	
17	52	1	
17	57	1	
17	60	1	
17	61	1	
17	62	1	
17	78	1	
17	90	1	
17	92	1	
17	93	1	
17	94	1	
17	104	1	
17	105	1	
17	114	1	
17	116	1	
17	117	1	
17	121	1	
17	123	1	
17	124	1	
17	127	1	
18	22	1	
18	27	1	
18	28	2	
18	36	1	
18	39	1	
18	40	1	
18	49	1	
18	54	1	
18	62	1	
18	65	1	
18	68	1	
18	79	1	
18	91	1	
18	94	1	
18	102	2	
18	111	1	
18	115	1	
18	118	1	
18	128	1	
19	24	1	
19	29	1	
19	35	1	
19	39	1	
19	44	1	
19	71	1	
19	75	1	
19	94	1	
19	98	1	
19	99	1	
19	100	1	
19	102	1	
19	107	1	
19	109	1	
19	112	1	
19	113	1	
19	117	1	
19	125	1	
20	22	1	
20	30	1	
20	32	1	
20	34	1	
20	37	1	
20	40	1	
20	41	1	
20	44	1	
20	48	1	
20	58	1	
20	59	1	
20	60	1	
20	64	1	
20	70	3	
20	83	2	
20	84	1	
20	89	1	
20	95	1	
20	108	1	
20	120	1	
20	124	2	
20	129	1	
21	4	1	
21	8	1	
21	12	1	
21	27	2	
21	28	3	
21	29	1	
21	30	1	
21	32	2	
21	33	1	
21	34	1	
21	35	1	
21	36	1	
21	37	1	
21	38	1	
21	40	2	
21	42	2	
21	43	3	
21	58	1	
21	65	1	
21	72	2	
21	78	1	
21	81	1	
21	92	1	
21	94	1	
21	100	1	
21	102	1	
21	105	1	
21	118	1	
21	120	1	
21	121	1	
21	126	1	
21	129	3	
22	12	1	
22	15	1	
22	18	1	
22	20	1	
22	27	2	
22	28	1	
22	29	1	
22	34	2	
22	36	1	
22	37	1	
22	40	2	
22	41	1	
22	42	1	
22	43	2	
22	44	1	
22	50	2	
22	52	2	
22	54	1	
22	58	1	
22	59	2	
22	60	1	
22	62	1	
22	64	2	
22	65	1	
22	70	1	
22	72	2	
22	83	2	
22	84	1	
22	92	2	
22	93	1	
22	94	1	
22	95	1	
22	97	1	
22	100	1	
22	102	1	
22	103	2	
22	108	2	
22	110	2	
22	111	1	
22	119	1	
22	120	1	
22	121	3	
22	122	2	
22	124	1	
22	129	1	
23	2	1	
23	7	1	
23	10	1	
23	13	1	
23	15	1	
23	16	1	
23	17	1	
23	27	1	
23	29	1	
23	30	1	
23	33	1	
23	34	1	
23	42	1	
23	45	1	
23	46	1	
23	48	1	
23	52	1	
23	57	1	
23	60	1	
23	61	1	
23	62	1	
23	90	1	
23	92	1	
23	93	1	
23	94	1	
23	104	1	
23	105	1	
23	114	1	
23	117	1	
23	121	1	
23	124	1	
23	127	1	
24	7	1	
24	9	1	
24	10	1	
24	16	1	
24	19	1	
24	26	1	
24	34	1	
24	35	2	
24	39	1	
24	40	1	
24	43	1	
24	44	1	
24	71	1	
24	78	1	
24	79	1	
24	81	1	
24	83	1	
24	89	1	
24	95	1	
24	98	1	
24	99	2	
24	100	2	
24	104	1	
24	105	1	
24	107	1	
24	109	1	
24	112	2	
24	113	1	
24	116	1	
24	117	1	
24	121	1	
24	122	1	
24	123	1	
24	125	1	
25	53	2	
25	78	2	
25	97	1	
25	101	2	
25	103	2	
25	110	1	
26	0	1	
26	1	1	
26	2	1	
26	7	1	
26	9	1	
26	10	1	
26	11	1	
26	16	1	
26	24	1	
26	34	1	
26	35	1	
26	40	1	
26	43	1	
26	51	1	
26	67	1	
26	74	1	
26	75	1	
26	77	1	
26	78	1	
26	79	1	
26	81	1	
26	83	1	
26	89	1	
26	95	1	
26	96	1	
26	99	1	
26	100	1	
26	104	1	
26	105	1	
26	112	1	
26	114	1	
26	116	1	
26	121	1	
26	122	1	
26	123	1	
26	129	1	
27	2	1	
27	4	1	
27	7	1	
27	10	1	
27	12	2	
27	13	1	
27	15	1	
27	16	2	
27	17	1	
27	18	1	
27	21	2	
27	22	2	
27	23	1	
27	28	3	
27	29	3	
27	30	2	
27	32	1	
27	33	2	
27	34	2	
27	35	1	
27	36	1	
27	37	1	
27	38	1	
27	39	1	
27	40	2	
27	42	5	
27	43	3	
27	45	1	
27	46	1	
27	48	1	
27	49	1	
27	52	2	
27	57	1	
27	58	1	
27	60	1	
27	61	1	
27	62	4	
27	64	3	
27	65	4	
27	68	1	
27	72	4	
27	78	2	
27	79	1	
27	81	2	
27	83	2	
27	90	1	
27	91	1	
27	92	3	
27	93	1	
27	94	3	
27	97	2	
27	100	3	
27	102	1	
27	103	1	
27	104	1	
27	105	2	
27	110	2	
27	114	1	
27	115	1	
27	117	1	
27	118	1	
27	119	1	
27	120	1	
27	121	4	
27	122	1	
27	124	1	
27	126	1	
27	127	1	
27	128	1	
27	129	2	
28	4	1	
28	8	1	
28	12	1	
28	18	2	
28	21	3	
28	22	1	
28	27	3	
28	29	1	
28	30	1	
28	32	2	
28	33	1	
28	34	1	
28	35	1	
28	36	2	
28	37	1	
28	38	1	
28	39	1	
28	40	3	
28	42	1	
28	43	3	
28	49	1	
28	54	1	
28	58	1	
28	62	1	
28	65	2	
28	68	1	
28	72	2	
28	78	1	
28	79	1	
28	81	1	
28	91	1	
28	92	1	
28	94	2	
28	100	1	
28	102	3	
28	105	1	
28	111	1	
28	115	1	
28	118	2	
28	120	1	
28	121	1	
28	126	1	
28	128	1	
28	129	3	
29	2	1	
29	4	1	
29	7	1	
29	10	1	
29	13	1	
29	15	1	
29	16	1	
29	17	1	
29	19	1	
29	21	1	
29	22	1	
29	23	1	
29	27	3	
29	28	1	
29	30	2	
29	32	1	
29	33	2	
29	34	2	
29	35	3	
29	36	1	
29	37	1	
29	38	2	
29	40	3	
29	42	3	
29	43	3	
29	45	1	
29	46	1	
29	48	1	
29	52	1	
29	57	1	
29	58	2	
29	60	1	
29	61	1	
29	62	2	
29	64	2	
29	65	2	
29	66	1	
29	72	2	
29	75	1	
29	78	4	
29	81	4	
29	90	2	
29	92	2	
29	93	1	
29	94	4	
29	95	1	
29	97	1	
29	100	2	
29	102	2	
29	104	1	
29	105	2	
29	110	1	
29	114	1	
29	117	1	
29	119	1	
29	120	1	
29	121	4	
29	124	1	
29	126	1	
29	127	1	
29	129	2	
30	2	1	
30	4	1	
30	7	1	
30	10	1	
30	13	1	
30	15	1	
30	16	1	
30	17	1	
30	20	1	
30	21	1	
30	23	1	
30	27	2	
30	28	1	
30	29	2	
30	31	1	
30	32	4	
30	33	2	
30	34	2	
30	37	2	
30	38	1	
30	40	1	
30	42	2	
30	43	1	
30	45	1	
30	46	1	
30	48	1	
30	52	1	
30	57	1	
30	58	1	
30	60	1	
30	61	1	
30	62	1	
30	70	1	
30	72	1	
30	78	1	
30	81	1	
30	83	1	
30	86	1	
30	90	1	
30	92	2	
30	93	1	
30	94	2	
30	104	1	
30	105	2	
30	114	1	
30	117	1	
30	120	1	
30	121	2	
30	124	2	
30	126	1	
30	127	1	
30	129	2	
31	30	1	
31	32	1	
31	37	1	
31	86	1	
31	129	1	
32	4	1	
32	8	1	
32	12	1	
32	20	1	
32	21	2	
32	27	1	
32	28	2	
32	29	1	
32	30	4	
32	31	1	
32	33	1	
32	34	1	
32	35	1	
32	36	1	
32	37	2	
32	38	1	
32	40	2	
32	42	1	
32	43	2	
32	58	1	
32	65	1	
32	70	1	
32	72	2	
32	78	1	
32	81	1	
32	83	1	
32	86	1	
32	92	1	
32	94	1	
32	100	1	
32	102	1	
32	105	1	
32	118	1	
32	120	1	
32	121	1	
32	124	1	
32	126	1	
32	129	3	
33	2	1	
33	4	1	
33	5	1	
33	7	1	
33	10	1	
33	13	1	
33	15	1	
33	16	1	
33	17	1	
33	21	1	
33	23	1	
33	27	2	
33	28	1	
33	29	2	
33	30	2	
33	32	1	
33	34	3	
33	37	1	
33	38	1	
33	40	1	
33	42	2	
33	43	1	
33	45	1	
33	46	1	
33	48	1	
33	49	1	
33	52	1	
33	57	1	
33	58	1	
33	60	1	
33	61	1	
33	62	1	
33	67	1	
33	72	1	
33	78	1	
33	81	1	
33	90	1	
33	92	2	
33	93	1	
33	94	2	
33	104	1	
33	105	2	
33	113	1	
33	114	1	
33	117	1	
33	120	1	
33	121	2	
33	124	1	
33	126	1	
33	127	1	
33	129	1	
34	2	1	
34	4	2	
34	7	2	
34	9	1	
34	10	2	
34	13	1	
34	15	2	
34	16	2	
34	17	1	
34	20	1	
34	21	1	
34	22	2	
34	23	1	
34	24	1	
34	26	1	
34	27	2	
34	28	1	
34	29	2	
34	30	2	
34	32	1	
34	33	3	
34	35	1	
34	36	2	
34	37	3	
34	38	1	
34	40	3	
34	41	2	
34	42	2	
34	43	2	
34	44	1	
34	45	1	
34	46	1	
34	48	1	
34	49	2	
34	50	1	
34	52	2	
34	57	1	
34	58	3	
34	59	2	
34	60	2	
34	61	1	
34	62	1	
34	63	1	
34	64	1	
34	65	1	
34	68	1	
34	69	2	
34	70	1	
34	72	1	
34	73	1	
34	78	2	
34	79	2	
34	81	2	
34	83	3	
34	84	2	
34	89	2	
34	90	1	
34	92	2	
34	93	1	
34	94	3	
34	95	3	
34	99	1	
34	100	1	
34	104	2	
34	105	5	
34	108	1	
34	110	2	
34	112	1	
34	114	1	
34	116	1	
34	117	1	
34	118	1	
34	120	2	
34	121	4	
34	122	1	
34	123	1	
34	124	2	
34	126	1	
34	127	1	
34	128	1	
34	129	2	
35	7	1	
35	8	1	
35	9	1	
35	10	1	
35	12	1	
35	16	2	
35	19	1	
35	21	1	
35	24	2	
35	26	1	
35	27	1	
35	28	1	
35	29	3	
35	32	1	
35	34	1	
35	36	2	
35	39	1	
35	40	4	
35	42	1	
35	43	3	
35	44	1	
35	58	1	
35	64	2	
35	65	3	
35	71	1	
35	72	2	
35	78	3	
35	79	1	
35	81	3	
35	83	1	
35	89	1	
35	94	1	
35	95	2	
35	97	1	
35	98	1	
35	99	2	
35	100	5	
35	102	2	
35	104	1	
35	105	1	
35	107	1	
35	109	1	
35	110	1	
35	112	2	
35	113	1	
35	116	1	
35	117	1	
35	118	1	
35	119	1	
35	121	3	
35	122	1	
35	123	1	
35	125	1	
35	129	2	
36	4	1	
36	8	1	
36	12	1	
36	15	1	
36	18	1	
36	21	1	
36	22	1	
36	27	1	
36	28	2	
36	29	1	
36	32	1	
36	34	2	
36	35	2	
36	37	1	
36	39	1	
36	40	2	
36	41	1	
36	43	2	
36	44	1	
36	49	2	
36	50	1	
36	58	2	
36	59	1	
36	62	1	
36	63	1	
36	64	1	
36	65	4	
36	68	2	
36	69	1	
36	72	1	
36	73	1	
36	78	1	
36	79	2	
36	81	1	
36	83	1	
36	84	1	
36	91	1	
36	94	3	
36	95	2	
36	97	1	
36	100	2	
36	102	3	
36	105	1	
36	110	3	
36	115	1	
36	118	3	
36	119	1	
36	120	1	
36	121	2	
36	124	1	
36	128	2	
36	129	2	
37	4	2	
37	20	1	
37	21	1	
37	22	1	
37	27	1	
37	28	1	
37	29	1	
37	30	2	
37	31	1	
37	32	2	
37	33	1	
37	34	3	
37	36	1	
37	38	1	
37	40	2	
37	41	2	
37	42	1	
37	43	1	
37	49	1	
37	58	3	
37	59	1	
37	60	1	
37	63	1	
37	64	1	
37	65	1	
37	68	1	
37	69	1	
37	70	1	
37	72	1	
37	73	1	
37	78	1	
37	79	1	
37	81	1	
37	83	2	
37	84	2	
37	86	1	
37	92	1	
37	94	2	
37	95	2	
37	105	2	
37	108	1	
37	110	1	
37	118	1	
37	120	2	
37	121	1	
37	126	1	
37	128	1	
37	129	3	
38	4	1	
38	21	1	
38	27	1	
38	28	1	
38	29	2	
38	30	1	
38	32	1	
38	33	1	
38	34	1	
38	37	1	
38	40	1	
38	42	1	
38	43	1	
38	58	1	
38	72	1	
38	78	1	
38	81	1	
38	92	1	
38	94	1	
38	105	1	
38	120	1	
38	121	1	
38	126	1	
38	129	1	
39	18	1	
39	19	1	
39	24	1	
39	27	1	
39	28	1	
39	35	1	
39	36	1	
39	44	1	
39	49	1	
39	62	1	
39	65	1	
39	68	1	
39	71	1	
39	79	1	
39	91	1	
39	94	1	
39	98	1	
39	99	1	
39	100	1	
39	102	1	
39	107	1	
39	109	1	
39	112	1	
39	113	1	
39	115	1	
39	117	1	
39	118	1	
39	125	1	
39	128	1	
40	4	1	
40	7	1	
40	8	2	
40	9	1	
40	10	1	
40	12	1	
40	16	2	
40	18	1	
40	20	1	
40	21	2	
40	22	2	
40	24	1	
40	26	1	
40	27	2	
40	28	3	
40	29	3	
40	30	1	
40	32	2	
40	33	1	
40	34	3	
40	35	4	
40	36	2	
40	37	2	
40	38	1	
40	41	2	
40	42	2	
40	43	4	
40	46	1	
40	54	1	
40	58	3	
40	59	1	
40	60	1	
40	64	3	
40	65	3	
40	70	1	
40	72	3	
40	78	4	
40	79	1	
40	81	5	
40	83	2	
40	84	1	
40	89	1	
40	92	1	
40	94	2	
40	95	3	
40	97	1	
40	99	1	
40	100	4	
40	102	3	
40	104	1	
40	105	2	
40	108	1	
40	110	1	
40	111	1	
40	112	1	
40	116	1	
40	118	1	
40	119	2	
40	120	1	
40	121	5	
40	122	1	
40	123	1	
40	124	1	
40	126	1	
40	129	4	
41	4	1	
41	8	1	
41	16	1	
41	20	1	
41	22	1	
41	34	2	
41	36	1	
41	37	2	
41	40	2	
41	43	1	
41	46	2	
41	49	1	
41	58	2	
41	59	1	
41	60	1	
41	63	1	
41	64	1	
41	65	1	
41	68	1	
41	69	1	
41	70	1	
41	73	1	
41	79	1	
41	81	1	
41	83	2	
41	84	2	
41	94	1	
41	95	3	
41	105	1	
41	108	1	
41	110	1	
41	118	1	
41	119	2	
41	120	1	
41	121	1	
41	128	1	
41	129	2	
42	2	1	
42	4	1	
42	7	1	
42	10	1	
42	12	2	
42	13	1	
42	15	1	
42	16	1	
42	17	1	
42	21	2	
42	22	1	
42	23	1	
42	27	5	
42	28	1	
42	29	3	
42	30	2	
42	32	1	
42	33	2	
42	34	2	
42	35	1	
42	37	1	
42	38	1	
42	40	2	
42	43	2	
42	45	1	
42	46	1	
42	48	1	
42	52	1	
42	57	1	
42	58	1	
42	60	1	
42	61	1	
42	62	3	
42	64	3	
42	65	3	
42	72	4	
42	78	2	
42	81	2	
42	90	1	
42	92	3	
42	93	1	
42	94	2	
42	97	2	
42	100	3	
42	103	1	
42	104	1	
42	105	2	
42	110	2	
42	114	1	
42	117	1	
42	119	1	
42	120	1	
42	121	4	
42	122	1	
42	124	1	
42	126	1	
42	127	1	
42	129	1	
43	4	3	
43	7	1	
43	8	1	
43	9	1	
43	10	1	
43	12	3	
43	16	2	
43	21	3	
43	22	2	
43	24	1	
43	26	1	
43	27	3	
43	28	3	
43	29	3	
43	30	1	
43	32	2	
43	33	1	
43	34	2	
43	35	3	
43	36	2	
43	37	1	
43	38	1	
43	40	4	
43	41	1	
43	42	2	
43	45	1	
43	46	1	
43	48	1	
43	49	2	
43	55	1	
43	58	2	
43	61	1	
43	62	2	
43	64	2	
43	65	3	
43	72	3	
43	76	1	
43	78	4	
43	79	1	
43	80	1	
43	81	4	
43	83	1	
43	89	1	
43	92	2	
43	94	2	
43	95	2	
43	97	3	
43	99	1	
43	100	4	
43	102	3	
43	103	2	
43	104	4	
43	105	2	
43	106	1	
43	110	3	
43	111	1	
43	112	1	
43	116	1	
43	118	1	
43	119	4	
43	120	1	
43	121	4	
43	122	4	
43	123	1	
43	126	3	
43	129	5	
44	15	1	
44	19	1	
44	20	1	
44	22	1	
44	24	1	
44	34	1	
44	35	1	
44	36	1	
44	39	1	
44	48	1	
44	50	1	
44	59	1	
44	70	1	
44	71	1	
44	89	1	
44	93	1	
44	98	1	
44	99	1	
44	100	1	
44	107	1	
44	109	1	
44	110	1	
44	112	1	
44	113	1	
44	117	1	
44	120	1	
44	121	1	
44	122	1	
44	124	2	
44	125	1	
45	2	1	
45	7	1	
45	10	1	
45	13	1	
45	15	1	
45	16	1	
45	17	1	
45	23	1	
45	27	1	
45	29	1	
45	30	1	
45	33	1	
45	34	1	
45	42	1	
45	43	1	
45	46	1	
45	48	2	
45	52	1	
45	55	1	
45	57	1	
45	60	1	
45	61	2	
45	62	1	
45	72	1	
45	90	1	
45	92	1	
45	93	1	
45	94	1	
45	104	2	
45	105	1	
45	114	1	
45	117	1	
45	121	1	
45	124	1	
45	127	1	
46	2	1	
46	7	1	
46	8	1	
46	10	1	
46	13	1	
46	15	1	
46	16	2	
46	17	1	
46	23	1	
46	27	1	
46	29	1	
46	30	1	
46	33	1	
46	34	1	
46	40	1	
46	41	2	
46	42	1	
46	43	1	
46	45	1	
46	48	1	
46	52	1	
46	57	1	
46	60	1	
46	61	1	
46	62	1	
46	81	1	
46	90	1	
46	92	1	
46	93	1	
46	94	1	
46	104	1	
46	105	1	
46	114	1	
46	117	1	
46	119	2	
46	121	2	
46	124	1	
46	127	1	
46	129	1	
47	16	1	
47	52	1	
47	80	1	
47	83	1	
47	85	2	
47	105	1	
47	109	1	
47	121	1	
47	122	1	
47	126	1	
48	2	1	
48	7	1	
48	10	1	
48	13	1	
48	15	1	
48	16	1	
48	17	1	
48	20	1	
48	23	1	
48	27	1	
48	29	1	
48	30	1	
48	33	1	
48	34	1	
48	42	1	
48	43	1	
48	44	1	
48	45	2	
48	46	1	
48	52	1	
48	55	1	
48	57	1	
48	60	1	
48	61	2	
48	62	1	
48	69	1	
48	70	2	
48	89	1	
48	90	1	
48	92	1	
48	93	1	
48	94	1	
48	104	2	
48	105	1	
48	114	1	
48	117	1	
48	120	1	
48	121	1	
48	124	2	
48	127	1	
49	4	3	
49	5	1	
49	16	1	
49	18	1	
49	27	1	
49	28	1	
49	33	1	
49	34	2	
49	36	2	
49	37	1	
49	39	1	
49	41	1	
49	43	2	
49	52	1	
49	58	1	
49	62	1	
49	63	1	
49	65	2	
49	67	1	
49	68	2	
49	69	1	
49	73	1	
49	79	2	
49	80	1	
49	83	1	
49	84	1	
49	91	1	
49	94	2	
49	95	1	
49	102	2	
49	104	2	
49	105	1	
49	110	2	
49	113	1	
49	115	1	
49	118	2	
49	120	1	
49	126	1	
49	128	2	
50	15	1	
50	22	2	
50	34	1	
50	36	1	
50	44	1	
50	52	1	
50	59	1	
50	72	1	
50	92	1	
50	94	1	
50	97	1	
50	103	1	
50	108	1	
50	110	1	
50	120	1	
50	121	2	
50	124	1	
51	0	1	
51	1	1	
51	2	1	
51	11	1	
51	26	1	
51	67	1	
51	74	1	
51	75	1	
51	77	1	
51	96	1	
51	114	1	
51	129	1	
52	2	1	
52	7	1	
52	10	1	
52	13	1	
52	15	1	
52	16	2	
52	17	1	
52	22	2	
52	23	1	
52	27	2	
52	29	1	
52	30	1	
52	33	1	
52	34	2	
52	42	1	
52	45	1	
52	46	1	
52	47	1	
52	48	1	
52	49	1	
52	50	1	
52	57	1	
52	60	1	
52	61	1	
52	62	1	
52	72	1	
52	76	1	
52	80	2	
52	83	2	
52	85	1	
52	90	1	
52	92	2	
52	93	1	
52	94	2	
52	97	1	
52	103	1	
52	104	2	
52	105	2	
52	108	1	
52	114	1	
52	117	2	
52	120	1	
52	121	2	
52	122	2	
52	124	1	
52	126	1	
52	127	1	
53	5	1	
53	25	2	
53	57	1	
53	78	2	
53	91	1	
53	97	1	
53	101	2	
53	103	2	
53	110	1	
53	126	1	
54	18	1	
54	22	1	
54	28	1	
54	40	1	
54	102	1	
54	111	1	
55	3	1	
55	43	1	
55	45	1	
55	48	1	
55	61	1	
55	104	1	
56	6	1	
57	2	1	
57	5	1	
57	7	1	
57	10	1	
57	13	1	
57	15	1	
57	16	1	
57	17	1	
57	23	1	
57	27	1	
57	29	1	
57	30	1	
57	33	1	
57	34	1	
57	42	1	
57	45	1	
57	46	1	
57	48	1	
57	52	1	
57	53	1	
57	60	1	
57	61	1	
57	62	1	
57	90	1	
57	91	1	
57	92	1	
57	93	1	
57	94	1	
57	104	1	
57	105	1	
57	114	1	
57	117	1	
57	121	1	
57	124	1	
57	126	1	
57	127	1	
58	4	2	
58	20	1	
58	21	1	
58	22	1	
58	27	1	
58	28	1	
58	29	2	
58	30	1	
58	32	1	
58	33	1	
58	34	3	
58	35	1	
58	36	2	
58	37	3	
58	38	1	
58	40	3	
58	41	2	
58	42	1	
58	43	2	
58	49	1	
58	59	2	
58	60	1	
58	62	1	
58	63	1	
58	64	3	
58	65	2	
58	68	1	
58	69	1	
58	70	1	
58	72	1	
58	73	1	
58	78	2	
58	79	1	
58	81	2	
58	83	2	
58	84	2	
58	92	1	
58	94	3	
58	95	3	
58	97	1	
58	100	1	
58	102	1	
58	105	2	
58	108	1	
58	110	2	
58	118	1	
58	119	1	
58	120	2	
58	121	2	
58	126	1	
58	128	1	
58	129	3	
59	15	1	
59	20	1	
59	22	2	
59	34	2	
59	36	1	
59	37	1	
59	40	1	
59	41	1	
59	44	1	
59	50	1	
59	58	2	
59	60	1	
59	62	1	
59	64	2	
59	70	1	
59	83	1	
59	84	1	
59	95	1	
59	108	1	
59	110	1	
59	121	1	
59	124	1	
59	129	1	
60	2	1	
60	7	1	
60	10	1	
60	13	1	
60	15	1	
60	16	1	
60	17	1	
60	20	1	
60	22	1	
60	23	1	
60	27	1	
60	29	1	
60	30	1	
60	33	1	
60	34	2	
60	37	1	
60	40	1	
60	41	1	
60	42	1	
60	45	1	
60	46	1	
60	48	1	
60	52	1	
60	57	1	
60	58	1	
60	59	1	
60	61	1	
60	62	1	
60	64	1	
60	70	1	
60	83	1	
60	84	1	
60	90	1	
60	92	1	
60	93	1	
60	94	1	
60	95	1	
60	104	1	
60	105	1	
60	108	1	
60	114	1	
60	117	1	
60	121	1	
60	124	1	
60	127	1	
60	129	1	
61	2	1	
61	7	1	
61	10	1	
61	13	1	
61	15	1	
61	16	1	
61	17	1	
61	23	1	
61	27	1	
61	29	1	
61	30	1	
61	33	1	
61	34	1	
61	42	1	
61	43	1	
61	45	2	
61	46	1	
61	48	2	
61	52	1	
61	55	1	
61	57	1	
61	60	1	
61	62	1	
61	90	1	
61	92	1	
61	93	1	
61	94	1	
61	104	2	
61	105	1	
61	114	1	
61	117	1	
61	121	1	
61	124	1	
61	127	1	
62	2	1	
62	7	1	
62	10	1	
62	12	5	
62	13	1	
62	15	1	
62	16	1	
62	17	1	
62	18	1	
62	22	1	
62	23	1	
62	27	4	
62	28	1	
62	29	2	
62	30	1	
62	33	1	
62	34	1	
62	36	1	
62	39	1	
62	42	3	
62	43	2	
62	45	1	
62	46	1	
62	48	1	
62	49	1	
62	52	1	
62	57	1	
62	58	1	
62	59	1	
62	60	1	
62	61	1	
62	64	3	
62	65	3	
62	68	1	
62	72	2	
62	78	1	
62	79	1	
62	81	1	
62	90	1	
62	91	1	
62	92	2	
62	93	1	
62	94	2	
62	97	2	
62	100	2	
62	102	1	
62	103	1	
62	104	1	
62	105	1	
62	110	3	
62	114	1	
62	115	1	
62	117	1	
62	118	1	
62	119	1	
62	121	2	
62	122	1	
62	124	1	
62	127	1	
62	128	1	
63	4	1	
63	34	1	
63	36	1	
63	37	1	
63	41	1	
63	49	1	
63	58	1	
63	65	1	
63	68	1	
63	69	1	
63	73	1	
63	79	1	
63	83	1	
63	84	1	
63	94	1	
63	95	1	
63	105	1	
63	110	1	
63	118	1	
63	120	1	
63	128	1	
64	12	2	
64	20	1	
64	22	2	
64	27	3	
64	29	2	
64	34	1	
64	35	2	
64	36	1	
64	37	1	
64	40	3	
64	41	1	
64	42	3	
64	43	2	
64	58	3	
64	59	2	
64	60	1	
64	62	3	
64	65	4	
64	70	1	
64	72	3	
64	78	2	
64	81	2	
64	83	1	
64	84	1	
64	92	1	
64	94	1	
64	95	2	
64	97	3	
64	100	4	
64	102	1	
64	103	1	
64	108	1	
64	110	3	
64	119	2	
64	121	3	
64	122	1	
64	129	2	
65	4	1	
65	8	1	
65	12	3	
65	18	1	
65	21	1	
65	22	1	
65	27	4	
65	28	2	
65	29	2	
65	32	1	
65	34	1	
65	35	3	
65	36	4	
65	37	1	
65	39	1	
65	40	3	
65	41	1	
65	42	3	
65	43	3	
65	49	2	
65	58	2	
65	62	3	
65	63	1	
65	64	4	
65	68	2	
65	69	1	
65	72	4	
65	73	1	
65	78	2	
65	79	2	
65	81	2	
65	83	1	
65	84	1	
65	91	1	
65	92	1	
65	94	3	
65	95	2	
65	97	3	
65	100	5	
65	102	3	
65	103	1	
65	105	1	
65	110	4	
65	115	1	
65	118	3	
65	119	2	
65	120	1	
65	121	3	
65	122	1	
65	128	2	
65	129	2	
66	29	1	
67	0	1	
67	1	1	
67	2	1	
67	5	1	
67	11	1	
67	26	1	
67	33	1	
67	49	1	
67	51	1	
67	74	1	
67	75	1	
67	77	1	
67	96	1	
67	113	1	
67	114	1	
67	129	1	
68	4	1	
68	18	1	
68	27	1	
68	28	1	
68	34	1	
68	36	2	
68	37	1	
68	39	1	
68	41	1	
68	49	2	
68	58	1	
68	62	1	
68	63	1	
68	65	2	
68	69	1	
68	73	1	
68	79	2	
68	83	1	
68	84	1	
68	91	1	
68	94	2	
68	95	1	
68	102	1	
68	105	1	
68	110	1	
68	115	1	
68	118	2	
68	120	1	
68	128	2	
69	4	1	
69	34	2	
69	36	1	
69	37	1	
69	41	1	
69	48	1	
69	49	1	
69	58	1	
69	63	1	
69	65	1	
69	68	1	
69	70	1	
69	73	1	
69	79	1	
69	83	1	
69	84	1	
69	94	1	
69	95	1	
69	105	2	
69	110	1	
69	118	1	
69	120	1	
69	128	1	
70	20	3	
70	22	1	
70	30	1	
70	32	1	
70	34	1	
70	37	1	
70	40	1	
70	41	1	
70	44	1	
70	48	2	
70	58	1	
70	59	1	
70	60	1	
70	64	1	
70	69	1	
70	83	2	
70	84	1	
70	89	1	
70	95	1	
70	108	1	
70	120	1	
70	124	2	
70	129	1	
71	19	1	
71	24	1	
71	35	1	
71	39	1	
71	44	1	
71	98	1	
71	99	1	
71	100	1	
71	107	1	
71	109	1	
71	112	1	
71	113	1	
71	117	1	
71	125	1	
72	4	1	
72	8	1	
72	12	3	
72	21	2	
72	22	2	
72	27	4	
72	28	2	
72	29	2	
72	30	1	
72	32	2	
72	33	1	
72	34	1	
72	35	2	
72	36	1	
72	37	1	
72	38	1	
72	40	3	
72	42	4	
72	43	3	
72	45	1	
72	50	1	
72	52	1	
72	58	1	
72	62	2	
72	64	3	
72	65	4	
72	78	2	
72	81	2	
72	92	3	
72	94	2	
72	97	2	
72	100	4	
72	102	1	
72	103	2	
72	105	1	
72	108	1	
72	110	2	
72	118	1	
72	119	1	
72	120	2	
72	121	4	
72	122	1	
72	126	1	
72	129	2	
73	4	1	
73	34	1	
73	36	1	
73	37	1	
73	41	1	
73	49	1	
73	58	1	
73	63	1	
73	65	1	
73	68	1	
73	69	1	
73	79	1	
73	83	1	
73	84	1	
73	94	1	
73	95	1	
73	101	1	
73	105	1	
73	110	1	
73	118	1	
73	120	1	
73	128	1	
74	0	1	
74	1	1	
74	2	1	
74	11	1	
74	26	1	
74	51	1	
74	67	1	
74	75	1	
74	77	1	
74	96	1	
74	114	1	
74	129	1	
75	0	1	
75	1	1	
75	2	1	
75	11	1	
75	19	1	
75	26	1	
75	29	1	
75	51	1	
75	67	1	
75	74	1	
75	77	1	
75	94	1	
75	96	1	
75	102	1	
75	114	1	
75	129	1	
76	43	1	
76	52	1	
76	106	1	
77	0	1	
77	1	1	
77	2	1	
77	11	1	
77	26	1	
77	51	1	
77	67	1	
77	74	1	
77	75	1	
77	96	1	
77	114	1	
77	129	1	
78	4	2	
78	7	1	
78	9	1	
78	10	1	
78	14	1	
78	16	1	
78	17	1	
78	21	1	
78	24	1	
78	25	2	
78	26	1	
78	27	2	
78	28	1	
78	29	4	
78	30	1	
78	32	1	
78	33	1	
78	34	2	
78	35	3	
78	36	1	
78	37	1	
78	38	1	
78	40	4	
78	42	2	
78	43	4	
78	53	2	
78	58	2	
78	62	1	
78	64	2	
78	65	2	
78	72	2	
78	79	1	
78	81	5	
78	83	1	
78	89	1	
78	92	1	
78	94	2	
78	95	2	
78	97	2	
78	99	1	
78	100	3	
78	101	2	
78	102	1	
78	103	2	
78	104	1	
78	105	2	
78	110	2	
78	112	1	
78	116	2	
78	119	1	
78	120	1	
78	121	4	
78	122	1	
78	123	2	
78	126	1	
78	129	2	
79	4	1	
79	7	1	
79	9	1	
79	10	1	
79	16	1	
79	18	1	
79	24	1	
79	26	1	
79	27	1	
79	28	1	
79	34	2	
79	35	1	
79	36	2	
79	37	1	
79	39	1	
79	40	1	
79	41	1	
79	43	1	
79	49	2	
79	58	1	
79	62	1	
79	63	1	
79	65	2	
79	68	2	
79	69	1	
79	73	1	
79	78	1	
79	81	1	
79	83	2	
79	84	1	
79	89	1	
79	91	1	
79	94	2	
79	95	2	
79	99	1	
79	100	1	
79	102	1	
79	104	1	
79	105	2	
79	110	1	
79	112	1	
79	115	1	
79	116	1	
79	118	2	
79	120	1	
79	121	1	
79	122	1	
79	123	1	
79	128	2	
80	4	1	
80	12	1	
80	16	1	
80	43	1	
80	47	1	
80	49	1	
80	52	2	
80	83	1	
80	85	1	
80	102	1	
80	104	1	
80	105	1	
80	122	3	
80	126	2	
81	4	1	
81	7	1	
81	8	1	
81	9	1	
81	10	1	
81	16	2	
81	21	1	
81	24	1	
81	26	1	
81	27	2	
81	28	1	
81	29	4	
81	30	1	
81	32	1	
81	33	1	
81	34	2	
81	35	3	
81	36	1	
81	37	1	
81	38	1	
81	40	5	
81	41	1	
81	42	2	
81	43	4	
81	46	1	
81	58	2	
81	62	1	
81	64	2	
81	65	2	
81	72	2	
81	78	5	
81	79	1	
81	83	1	
81	89	1	
81	92	1	
81	94	2	
81	95	2	
81	97	1	
81	99	1	
81	100	3	
81	102	1	
81	104	1	
81	105	2	
81	110	1	
81	112	1	
81	116	1	
81	119	2	
81	120	1	
81	121	5	
81	122	1	
81	123	1	
81	126	1	
81	129	2	
82	102	1	
83	4	1	
83	7	1	
83	9	1	
83	10	1	
83	16	3	
83	20	2	
83	22	2	
83	24	1	
83	26	1	
83	27	2	
83	30	1	
83	32	1	
83	34	3	
83	35	1	
83	36	1	
83	37	2	
83	40	2	
83	41	2	
83	43	1	
83	47	1	
83	49	1	
83	52	2	
83	58	2	
83	59	1	
83	60	1	
83	63	1	
83	64	1	
83	65	1	
83	68	1	
83	69	1	
83	70	2	
83	73	1	
83	78	1	
83	79	2	
83	80	1	
83	81	1	
83	84	2	
83	85	1	
83	89	1	
83	93	1	
83	94	1	
83	95	3	
83	99	1	
83	100	1	
83	103	1	
83	104	1	
83	105	3	
83	107	1	
83	108	1	
83	110	1	
83	112	1	
83	116	1	
83	118	1	
83	120	1	
83	121	1	
83	122	5	
83	123	1	
83	124	1	
83	126	1	
83	128	1	
83	129	1	
84	4	1	
84	20	1	
84	22	1	
84	34	2	
84	36	1	
84	37	2	
84	40	1	
84	41	2	
84	49	1	
84	58	2	
84	59	1	
84	60	1	
84	63	1	
84	64	1	
84	65	1	
84	68	1	
84	69	1	
84	70	1	
84	73	1	
84	79	1	
84	83	2	
84	94	1	
84	95	2	
84	105	1	
84	108	1	
84	110	1	
84	118	1	
84	120	1	
84	128	1	
84	129	1	
85	16	1	
85	47	2	
85	52	1	
85	80	1	
85	83	1	
85	105	1	
85	109	1	
85	121	1	
85	122	1	
85	126	1	
86	30	1	
86	31	1	
86	32	1	
86	37	1	
86	129	1	
88	9	1	
89	7	1	
89	9	1	
89	10	1	
89	16	1	
89	20	1	
89	24	1	
89	26	1	
89	34	2	
89	35	1	
89	40	1	
89	43	1	
89	44	1	
89	48	1	
89	70	1	
89	78	1	
89	79	1	
89	81	1	
89	83	1	
89	95	1	
89	99	1	
89	100	1	
89	104	1	
89	105	1	
89	112	1	
89	116	1	
89	120	1	
89	121	1	
89	122	1	
89	123	1	
89	124	1	
90	2	1	
90	7	1	
90	10	1	
90	13	1	
90	15	1	
90	16	1	
90	17	1	
90	23	1	
90	27	1	
90	29	2	
90	30	1	
90	33	1	
90	34	1	
90	42	1	
90	45	1	
90	46	1	
90	48	1	
90	52	1	
90	57	1	
90	60	1	
90	61	1	
90	62	1	
90	92	1	
90	93	1	
90	94	1	
90	104	1	
90	105	1	
90	114	1	
90	117	1	
90	121	1	
90	124	1	
90	127	1	
91	5	1	
91	18	1	
91	27	1	
91	28	1	
91	36	1	
91	39	1	
91	49	1	
91	53	1	
91	57	1	
91	62	1	
91	65	1	
91	68	1	
91	79	1	
91	94	1	
91	102	1	
91	115	1	
91	118	1	
91	126	1	
91	128	1	
92	2	1	
92	4	1	
92	7	1	
92	10	1	
92	12	1	
92	13	1	
92	15	1	
92	16	1	
92	17	1	
92	21	1	
92	22	2	
92	23	1	
92	27	3	
92	28	1	
92	29	2	
92	30	2	
92	32	1	
92	33	2	
92	34	2	
92	37	1	
92	38	1	
92	40	1	
92	42	3	
92	43	2	
92	45	1	
92	46	1	
92	48	1	
92	50	1	
92	52	2	
92	57	1	
92	58	1	
92	60	1	
92	61	1	
92	62	2	
92	64	1	
92	65	1	
92	72	3	
92	78	1	
92	81	1	
92	90	1	
92	93	1	
92	94	3	
92	97	2	
92	100	1	
92	103	2	
92	104	1	
92	105	2	
92	108	1	
92	110	1	
92	114	1	
92	117	1	
92	119	1	
92	120	2	
92	121	4	
92	122	1	
92	124	1	
92	126	1	
92	127	1	
92	129	1	
93	2	1	
93	7	1	
93	10	1	
93	13	1	
93	15	1	
93	16	2	
93	17	1	
93	22	1	
93	23	1	
93	27	1	
93	29	1	
93	30	1	
93	33	1	
93	34	1	
93	42	1	
93	44	1	
93	45	1	
93	46	1	
93	48	1	
93	52	1	
93	57	1	
93	60	1	
93	61	1	
93	62	1	
93	83	1	
93	90	1	
93	92	1	
93	94	1	
93	104	1	
93	105	1	
93	114	1	
93	117	1	
93	121	1	
93	122	4	
93	124	1	
93	127	1	
94	2	1	
94	4	2	
94	7	1	
94	10	1	
94	13	1	
94	15	1	
94	16	1	
94	17	1	
94	18	1	
94	19	1	
94	21	1	
94	22	1	
94	23	1	
94	27	3	
94	28	2	
94	29	4	
94	30	2	
94	32	1	
94	33	2	
94	34	3	
94	35	1	
94	36	3	
94	37	2	
94	38	1	
94	39	1	
94	40	2	
94	41	1	
94	42	2	
94	43	2	
94	45	1	
94	46	1	
94	48	1	
94	49	2	
94	50	1	
94	52	2	
94	57	1	
94	58	3	
94	60	1	
94	61	1	
94	62	2	
94	63	1	
94	64	1	
94	65	3	
94	68	2	
94	69	1	
94	72	2	
94	73	1	
94	75	1	
94	78	2	
94	79	2	
94	81	2	
94	83	1	
94	84	1	
94	90	1	
94	91	1	
94	92	3	
94	93	1	
94	95	3	
94	97	1	
94	100	1	
94	102	3	
94	103	1	
94	104	1	
94	105	3	
94	108	1	
94	110	2	
94	114	1	
94	115	1	
94	117	1	
94	118	2	
94	119	1	
94	120	3	
94	121	4	
94	124	1	
94	126	1	
94	127	1	
94	128	2	
94	129	2	
95	4	1	
95	7	1	
95	9	1	
95	10	1	
95	16	1	
95	20	1	
95	22	1	
95	24	1	
95	26	1	
95	29	1	
95	34	3	
95	35	2	
95	36	2	
95	37	2	
95	40	3	
95	41	3	
95	43	2	
95	49	1	
95	58	3	
95	59	1	
95	60	1	
95	63	1	
95	64	2	
95	65	2	
95	68	1	
95	69	1	
95	70	1	
95	73	1	
95	78	2	
95	79	2	
95	81	2	
95	83	3	
95	84	2	
95	89	1	
95	94	3	
95	97	1	
95	99	1	
95	100	2	
95	102	1	
95	104	1	
95	105	2	
95	108	1	
95	110	2	
95	112	1	
95	116	1	
95	118	1	
95	119	1	
95	120	1	
95	121	2	
95	122	1	
95	123	1	
95	128	1	
95	129	2	
96	0	1	
96	1	1	
96	2	1	
96	11	1	
96	26	1	
96	51	1	
96	67	1	
96	74	1	
96	75	1	
96	77	1	
96	114	1	
96	129	1	
97	12	2	
97	22	1	
97	25	1	
97	27	2	
97	29	1	
97	35	1	
97	36	1	
97	40	1	
97	42	2	
97	43	3	
97	50	1	
97	52	1	
97	53	1	
97	58	1	
97	62	2	
97	64	3	
97	65	3	
97	72	2	
97	78	2	
97	81	1	
97	92	2	
97	94	1	
97	95	1	
97	100	3	
97	101	1	
97	102	1	
97	103	2	
97	104	1	
97	110	3	
97	117	1	
97	119	3	
97	121	2	
97	122	2	
97	126	1	
97	129	1	
98	19	1	
98	24	1	
98	35	1	
98	39	1	
98	44	1	
98	71	1	
98	99	1	
98	100	1	
98	107	1	
98	109	1	
98	112	1	
98	113	1	
98	117	1	
98	125	1	
99	7	1	
99	9	1	
99	10	1	
99	16	1	
99	19	1	
99	24	2	
99	26	1	
99	34	1	
99	35	2	
99	39	1	
99	40	1	
99	43	1	
99	44	1	
99	71	1	
99	78	1	
99	79	1	
99	81	1	
99	83	1	
99	89	1	
99	95	1	
99	98	1	
99	100	2	
99	104	1	
99	105	1	
99	107	1	
99	109	1	
99	112	2	
99	113	1	
99	116	1	
99	117	1	
99	121	1	
99	122	1	
99	123	1	
99	125	1	
100	7	1	
100	8	1	
100	9	1	
100	10	1	
100	12	3	
100	16	1	
100	19	1	
100	21	1	
100	22	1	
100	24	2	
100	26	1	
100	27	3	
100	28	1	
100	29	2	
100	32	1	
100	34	1	
100	35	5	
100	36	2	
100	39	1	
100	40	4	
100	42	3	
100	43	4	
100	44	1	
100	58	1	
100	62	2	
100	64	4	
100	65	5	
100	71	1	
100	72	4	
100	78	3	
100	79	1	
100	81	3	
100	83	1	
100	89	1	
100	92	1	
100	94	1	
100	95	2	
100	97	3	
100	98	1	
100	99	2	
100	102	2	
100	103	1	
100	104	1	
100	105	1	
100	107	1	
100	109	1	
100	110	3	
100	112	2	
100	113	1	
100	116	1	
100	117	1	
100	118	1	
100	119	2	
100	121	4	
100	122	2	
100	123	1	
100	125	1	
100	129	2	
101	25	2	
101	53	2	
101	73	1	
101	78	2	
101	97	1	
101	103	2	
101	110	1	
102	4	1	
102	8	1	
102	12	1	
102	18	2	
102	19	1	
102	21	1	
102	22	1	
102	27	1	
102	28	3	
102	29	2	
102	32	1	
102	35	2	
102	36	3	
102	39	1	
102	40	3	
102	43	3	
102	49	2	
102	54	1	
102	58	1	
102	62	1	
102	64	1	
102	65	3	
102	68	1	
102	72	1	
102	75	1	
102	78	1	
102	79	1	
102	80	1	
102	81	1	
102	82	1	
102	91	1	
102	94	3	
102	95	1	
102	97	1	
102	100	2	
102	104	1	
102	110	1	
102	111	1	
102	115	1	
102	118	2	
102	119	1	
102	121	1	
102	126	1	
102	128	1	
102	129	2	
103	12	1	
103	22	2	
103	25	2	
103	27	1	
103	42	1	
103	43	2	
103	50	1	
103	52	1	
103	53	2	
103	62	1	
103	64	1	
103	65	1	
103	72	2	
103	78	2	
103	83	1	
103	92	2	
103	94	1	
103	97	2	
103	100	1	
103	101	2	
103	108	1	
103	110	2	
103	119	1	
103	120	1	
103	121	2	
103	122	2	
104	2	1	
104	4	2	
104	7	2	
104	9	1	
104	10	2	
104	13	1	
104	15	1	
104	16	3	
104	17	1	
104	23	1	
104	24	1	
104	26	1	
104	27	1	
104	29	1	
104	30	1	
104	33	1	
104	34	2	
104	35	1	
104	40	1	
104	42	1	
104	43	4	
104	45	2	
104	46	1	
104	48	2	
104	49	2	
104	52	2	
104	55	1	
104	57	1	
104	60	1	
104	61	2	
104	62	1	
104	78	1	
104	79	1	
104	80	1	
104	81	1	
104	83	1	
104	89	1	
104	90	1	
104	92	1	
104	93	1	
104	94	1	
104	95	1	
104	97	1	
104	99	1	
104	100	1	
104	102	1	
104	105	2	
104	110	1	
104	112	1	
104	114	1	
104	116	1	
104	117	2	
104	121	2	
104	122	2	
104	123	1	
104	124	1	
104	126	1	
104	127	1	
105	2	1	
105	4	2	
105	7	2	
105	9	1	
105	10	2	
105	13	1	
105	15	1	
105	16	3	
105	17	1	
105	21	1	
105	23	1	
105	24	1	
105	26	1	
105	27	2	
105	28	1	
105	29	2	
105	30	2	
105	32	1	
105	33	2	
105	34	5	
105	35	1	
105	36	1	
105	37	2	
105	38	1	
105	40	2	
105	41	1	
105	42	2	
105	43	2	
105	45	1	
105	46	1	
105	47	1	
105	48	1	
105	49	1	
105	52	2	
105	57	1	
105	58	2	
105	60	1	
105	61	1	
105	62	1	
105	63	1	
105	65	1	
105	68	1	
105	69	2	
105	72	1	
105	73	1	
105	78	2	
105	79	2	
105	80	1	
105	81	2	
105	83	3	
105	84	1	
105	85	1	
105	89	1	
105	90	1	
105	92	2	
105	93	1	
105	94	3	
105	95	2	
105	99	1	
105	100	1	
105	104	2	
105	110	1	
105	112	1	
105	114	1	
105	116	1	
105	117	1	
105	118	1	
105	120	2	
105	121	3	
105	122	2	
105	123	1	
105	124	1	
105	126	2	
105	127	1	
105	128	1	
105	129	1	
106	43	1	
106	76	1	
107	19	1	
107	24	1	
107	35	1	
107	39	1	
107	44	1	
107	71	1	
107	83	1	
107	98	1	
107	99	1	
107	100	1	
107	109	1	
107	112	1	
107	113	1	
107	117	1	
107	125	1	
108	20	1	
108	22	2	
108	34	1	
108	37	1	
108	40	1	
108	41	1	
108	50	1	
108	52	1	
108	58	1	
108	59	1	
108	60	1	
108	64	1	
108	70	1	
108	72	1	
108	83	1	
108	84	1	
108	92	1	
108	94	1	
108	95	1	
108	103	1	
108	120	1	
108	121	1	
108	129	1	
109	19	1	
109	24	1	
109	35	1	
109	39	1	
109	44	1	
109	47	1	
109	71	1	
109	85	1	
109	98	1	
109	99	1	
109	100	1	
109	107	1	
109	112	1	
109	113	1	
109	117	1	
109	121	1	
109	125	1	
110	4	2	
110	12	3	
110	15	1	
110	16	1	
110	22	2	
110	25	1	
110	27	2	
110	29	1	
110	34	2	
110	35	1	
110	36	3	
110	37	1	
110	40	1	
110	41	1	
110	42	2	
110	43	3	
110	44	1	
110	49	2	
110	50	1	
110	53	1	
110	58	2	
110	59	1	
110	62	3	
110	63	1	
110	64	3	
110	65	4	
110	68	1	
110	69	1	
110	72	2	
110	73	1	
110	78	2	
110	79	1	
110	81	1	
110	83	1	
110	84	1	
110	92	1	
110	94	2	
110	95	2	
110	97	3	
110	100	3	
110	101	1	
110	102	1	
110	103	2	
110	104	1	
110	105	1	
110	118	1	
110	119	2	
110	120	1	
110	121	3	
110	122	1	
110	124	1	
110	128	1	
110	129	1	
111	18	1	
111	22	1	
111	28	1	
111	40	1	
111	43	1	
111	54	1	
111	102	1	
112	7	1	
112	9	1	
112	10	1	
112	16	1	
112	19	1	
112	24	2	
112	26	1	
112	34	1	
112	35	2	
112	39	1	
112	40	1	
112	43	1	
112	44	1	
112	71	1	
112	78	1	
112	79	1	
112	81	1	
112	83	1	
112	89	1	
112	95	1	
112	98	1	
112	99	2	
112	100	2	
112	104	1	
112	105	1	
112	107	1	
112	109	1	
112	113	1	
112	116	1	
112	117	1	
112	121	1	
112	122	1	
112	123	1	
112	125	1	
113	5	1	
113	19	1	
113	24	1	
113	33	1	
113	35	1	
113	39	1	
113	44	1	
113	49	1	
113	67	1	
113	71	1	
113	98	1	
113	99	1	
113	100	1	
113	107	1	
113	109	1	
113	112	1	
113	117	1	
113	125	1	
114	0	1	
114	1	1	
114	2	2	
114	7	1	
114	10	1	
114	11	1	
114	13	1	
114	15	1	
114	16	1	
114	17	1	
114	23	1	
114	26	1	
114	27	1	
114	29	1	
114	30	1	
114	33	1	
114	34	1	
114	42	1	
114	45	1	
114	46	1	
114	48	1	
114	51	1	
114	52	1	
114	57	1	
114	60	1	
114	61	1	
114	62	1	
114	67	1	
114	74	1	
114	75	1	
114	77	1	
114	90	1	
114	92	1	
114	93	1	
114	94	1	
114	96	1	
114	104	1	
114	105	1	
114	117	1	
114	121	1	
114	124	1	
114	127	1	
114	129	1	
115	18	1	
115	27	1	
115	28	1	
115	36	1	
115	39	1	
115	49	1	
115	62	1	
115	65	1	
115	68	1	
115	79	1	
115	91	1	
115	94	1	
115	102	1	
115	118	1	
115	128	1	
116	4	1	
116	7	1	
116	9	1	
116	10	1	
116	14	1	
116	16	1	
116	17	1	
116	24	1	
116	26	1	
116	34	1	
116	35	1	
116	40	1	
116	43	1	
116	78	2	
116	79	1	
116	81	1	
116	83	1	
116	89	1	
116	95	1	
116	99	1	
116	100	1	
116	104	1	
116	105	1	
116	112	1	
116	121	1	
116	122	1	
116	123	2	
117	2	1	
117	7	1	
117	10	1	
117	13	1	
117	15	1	
117	16	1	
117	17	1	
117	19	1	
117	23	1	
117	24	1	
117	27	1	
117	29	1	
117	30	1	
117	33	1	
117	34	1	
117	35	1	
117	39	1	
117	42	1	
117	44	1	
117	45	1	
117	46	1	
117	48	1	
117	52	2	
117	57	1	
117	60	1	
117	61	1	
117	62	1	
117	71	1	
117	90	1	
117	92	1	
117	93	1	
117	94	1	
117	97	1	
117	98	1	
117	99	1	
117	100	1	
117	104	2	
117	105	1	
117	107	1	
117	109	1	
117	112	1	
117	113	1	
117	114	1	
117	121	1	
117	122	1	
117	124	1	
117	125	1	
117	127	1	
118	4	1	
118	8	1	
118	12	1	
118	18	1	
118	21	1	
118	27	1	
118	28	2	
118	32	1	
118	34	1	
118	35	1	
118	36	3	
118	37	1	
118	39	1	
118	40	1	
118	41	1	
118	43	1	
118	49	2	
118	58	1	
118	62	1	
118	63	1	
118	65	3	
118	68	2	
118	69	1	
118	72	1	
118	73	1	
118	79	2	
118	83	1	
118	84	1	
118	91	1	
118	94	2	
118	95	1	
118	100	1	
118	102	2	
118	105	1	
118	110	1	
118	115	1	
118	120	1	
118	128	2	
118	129	1	
119	8	1	
119	12	1	
119	16	1	
119	22	1	
119	27	1	
119	29	1	
119	35	1	
119	36	1	
119	40	2	
119	41	2	
119	42	1	
119	43	4	
119	46	2	
119	58	1	
119	62	1	
119	64	2	
119	65	2	
119	72	1	
119	78	1	
119	81	2	
119	92	1	
119	94	1	
119	95	1	
119	97	3	
119	100	2	
119	102	1	
119	103	1	
119	110	2	
119	121	4	
119	122	1	
119	126	1	
119	129	2	
120	4	2	
120	12	1	
120	20	1	
120	21	1	
120	22	1	
120	27	1	
120	28	1	
120	29	1	
120	30	1	
120	32	1	
120	33	1	
120	34	2	
120	36	1	
120	37	2	
120	38	1	
120	40	1	
120	41	1	
120	42	1	
120	43	1	
120	44	1	
120	48	1	
120	49	1	
120	50	1	
120	52	1	
120	58	2	
120	63	1	
120	65	1	
120	68	1	
120	69	1	
120	70	1	
120	72	2	
120	73	1	
120	78	1	
120	79	1	
120	81	1	
120	83	1	
120	84	1	
120	89	1	
120	92	2	
120	94	3	
120	95	1	
120	103	1	
120	105	2	
120	108	1	
120	110	1	
120	118	1	
120	121	3	
120	124	1	
120	126	1	
120	128	1	
120	129	1	
121	2	1	
121	4	1	
121	7	2	
121	8	1	
121	9	1	
121	10	2	
121	12	2	
121	13	1	
121	15	2	
121	16	3	
121	17	1	
121	21	1	
121	22	3	
121	23	1	
121	24	1	
121	26	1	
121	27	4	
121	28	1	
121	29	4	
121	30	2	
121	32	1	
121	33	2	
121	34	4	
121	35	3	
121	36	2	
121	37	1	
121	38	1	
121	40	5	
121	41	1	
121	42	4	
121	43	4	
121	44	1	
121	45	1	
121	46	2	
121	47	1	
121	48	1	
121	50	2	
121	52	2	
121	57	1	
121	58	2	
121	59	1	
121	60	1	
121	61	1	
121	62	2	
121	64	3	
121	65	3	
121	72	4	
121	78	4	
121	79	1	
121	81	5	
121	83	1	
121	85	1	
121	89	1	
121	90	1	
121	92	4	
121	93	1	
121	94	4	
121	95	2	
121	97	2	
121	99	1	
121	100	4	
121	102	1	
121	103	2	
121	104	2	
121	105	3	
121	108	1	
121	109	1	
121	110	3	
121	112	1	
121	114	1	
121	116	1	
121	117	1	
121	119	4	
121	120	3	
121	122	2	
121	123	1	
121	124	2	
121	126	1	
121	127	1	
121	129	2	
122	7	1	
122	9	1	
122	10	1	
122	12	3	
122	16	3	
122	22	2	
122	24	1	
122	26	1	
122	27	1	
122	34	1	
122	35	1	
122	40	1	
122	42	1	
122	43	4	
122	44	1	
122	47	1	
122	52	2	
122	62	1	
122	64	1	
122	65	1	
122	72	1	
122	78	1	
122	79	1	
122	80	3	
122	81	1	
122	83	5	
122	85	1	
122	89	1	
122	92	1	
122	93	4	
122	95	1	
122	97	2	
122	99	1	
122	100	2	
122	103	2	
122	104	2	
122	105	2	
122	110	1	
122	112	1	
122	116	1	
122	117	1	
122	119	1	
122	121	2	
122	123	1	
122	126	1	
123	4	1	
123	7	1	
123	9	1	
123	10	1	
123	14	1	
123	16	1	
123	17	1	
123	24	1	
123	26	1	
123	34	1	
123	35	1	
123	40	1	
123	43	1	
123	78	2	
123	79	1	
123	81	1	
123	83	1	
123	89	1	
123	95	1	
123	99	1	
123	100	1	
123	104	1	
123	105	1	
123	112	1	
123	116	2	
123	121	1	
123	122	1	
124	2	1	
124	7	1	
124	10	1	
124	13	1	
124	15	2	
124	16	2	
124	17	1	
124	20	2	
124	22	1	
124	23	1	
124	27	1	
124	29	1	
124	30	2	
124	32	1	
124	33	1	
124	34	2	
124	36	1	
124	40	1	
124	42	1	
124	44	2	
124	45	1	
124	46	1	
124	48	2	
124	50	1	
124	52	1	
124	57	1	
124	59	1	
124	60	1	
124	61	1	
124	62	1	
124	70	2	
124	83	1	
124	89	1	
124	90	1	
124	92	1	
124	93	1	
124	94	1	
124	104	1	
124	105	1	
124	110	1	
124	114	1	
124	117	1	
124	120	1	
124	121	2	
124	127	1	
125	19	1	
125	24	1	
125	35	1	
125	39	1	
125	44	1	
125	71	1	
125	98	1	
125	99	1	
125	100	1	
125	107	1	
125	109	1	
125	112	1	
125	113	1	
125	117	1	
126	4	2	
126	5	1	
126	16	1	
126	21	1	
126	27	1	
126	28	1	
126	29	1	
126	30	1	
126	32	1	
126	33	1	
126	34	1	
126	37	1	
126	38	1	
126	40	1	
126	42	1	
126	43	3	
126	47	1	
126	49	1	
126	52	1	
126	53	1	
126	57	1	
126	58	1	
126	72	1	
126	78	1	
126	80	2	
126	81	1	
126	83	1	
126	85	1	
126	91	1	
126	92	1	
126	94	1	
126	97	1	
126	102	1	
126	104	1	
126	105	2	
126	119	1	
126	120	1	
126	121	1	
126	122	1	
126	129	1	
127	2	1	
127	7	1	
127	10	1	
127	13	1	
127	15	1	
127	16	1	
127	17	1	
127	23	1	
127	27	1	
127	29	1	
127	30	1	
127	33	1	
127	34	1	
127	42	1	
127	45	1	
127	46	1	
127	48	1	
127	52	1	
127	57	1	
127	60	1	
127	61	1	
127	62	1	
127	90	1	
127	92	1	
127	93	1	
127	94	1	
127	104	1	
127	105	1	
127	114	1	
127	117	1	
127	121	1	
127	124	1	
128	4	1	
128	18	1	
128	27	1	
128	28	1	
128	34	1	
128	36	2	
128	37	1	
128	39	1	
128	41	1	
128	49	2	
128	58	1	
128	62	1	
128	63	1	
128	65	2	
128	68	2	
128	69	1	
128	73	1	
128	79	2	
128	83	1	
128	84	1	
128	91	1	
128	94	2	
128	95	1	
128	102	1	
128	105	1	
128	110	1	
128	115	1	
128	118	2	
128	120	1	
129	0	1	
129	1	1	
129	2	1	
129	4	1	
129	8	1	
129	11	1	
129	12	1	
129	20	1	
129	21	3	
129	22	1	
129	26	1	
129	27	2	
129	28	3	
129	29	2	
129	30	2	
129	31	1	
129	32	3	
129	33	1	
129	34	2	
129	35	2	
129	36	2	
129	37	3	
129	38	1	
129	40	4	
129	41	2	
129	42	1	
129	43	5	
129	46	1	
129	51	1	
129	58	3	
129	59	1	
129	60	1	
129	64	2	
129	65	2	
129	67	1	
129	70	1	
129	72	2	
129	74	1	
129	75	1	
129	77	1	
129	78	2	
129	81	2	
129	83	1	
129	84	1	
129	86	1	
129	92	1	
129	94	2	
129	95	2	
129	96	1	
129	97	1	
129	100	2	
129	102	2	
129	105	1	
129	108	1	
129	110	1	
129	114	1	
129	118	1	
129	119	2	
129	120	1	
129	121	2	
129	126	1	
