0	9	1	
0	18	2	
0	20	1	
0	22	1	
0	27	1	
0	28	1	
0	33	1	
0	34	1	
0	47	1	
0	49	1	
0	50	1	
0	59	1	
0	60	1	
0	61	1	
0	62	1	
0	64	1	
1	4	1	
1	7	2	
1	17	1	
1	18	2	
1	21	2	
1	22	1	
1	27	1	
1	28	1	
1	31	1	
1	46	1	
1	48	2	
1	50	3	
1	51	3	
1	54	1	
1	55	1	
1	60	1	
1	62	2	
1	63	1	
1	65	1	
2	3	1	
2	4	4	
2	7	4	
2	12	1	
2	15	5	
2	18	1	
2	20	3	
2	22	1	
2	23	2	
2	24	2	
2	26	2	
2	27	3	
2	28	3	
2	30	2	
2	31	2	
2	33	1	
2	34	1	
2	37	2	
2	38	3	
2	42	2	
2	43	1	
2	48	2	
2	49	1	
2	50	1	
2	51	6	
2	53	3	
2	54	2	
2	56	2	
2	57	2	
2	58	2	
2	59	5	
2	60	1	
2	61	1	
2	62	3	
2	63	2	
2	65	2	
3	2	1	
3	4	2	
3	12	1	
3	15	1	
3	18	1	
3	19	2	
3	20	1	
3	23	1	
3	24	2	
3	26	1	
3	27	1	
3	28	1	
3	30	1	
3	31	2	
3	33	1	
3	51	1	
3	56	1	
3	57	1	
3	58	1	
3	60	1	
3	61	1	
3	62	1	
3	64	1	
3	65	2	
4	1	1	
4	2	4	
4	3	2	
4	5	1	
4	7	4	
4	12	1	
4	13	1	
4	15	4	
4	18	2	
4	19	2	
4	20	4	
4	21	4	
4	22	1	
4	23	3	
4	24	3	
4	26	5	
4	27	7	
4	28	8	
4	30	3	
4	31	7	
4	33	2	
4	34	3	
4	37	1	
4	38	2	
4	40	2	
4	42	2	
4	43	2	
4	46	1	
4	48	4	
4	49	1	
4	50	2	
4	51	6	
4	53	1	
4	54	1	
4	56	3	
4	57	2	
4	58	3	
4	59	3	
4	60	2	
4	61	1	
4	62	4	
4	63	1	
4	65	5	
5	4	1	
5	7	1	
5	20	1	
5	23	1	
5	33	1	
5	34	1	
5	40	1	
5	43	2	
5	51	1	
5	56	1	
5	65	1	
7	1	2	
7	2	4	
7	4	4	
7	5	1	
7	12	1	
7	13	2	
7	15	3	
7	17	1	
7	18	4	
7	20	3	
7	21	2	
7	22	2	
7	23	4	
7	24	1	
7	25	1	
7	26	2	
7	27	4	
7	28	5	
7	30	1	
7	31	6	
7	33	1	
7	34	2	
7	37	1	
7	38	4	
7	39	1	
7	40	2	
7	42	2	
7	43	1	
7	44	1	
7	46	1	
7	48	4	
7	50	4	
7	51	7	
7	53	2	
7	54	2	
7	55	1	
7	56	2	
7	57	2	
7	58	2	
7	59	2	
7	60	1	
7	61	1	
7	62	3	
7	63	1	
7	65	5	
8	31	1	
9	0	1	
9	14	1	
9	18	1	
9	20	1	
9	22	1	
9	27	1	
9	33	1	
9	34	1	
9	47	1	
9	49	1	
9	50	1	
9	60	1	
9	62	1	
10	11	1	
10	35	1	
10	37	1	
11	10	1	
11	35	1	
11	37	1	
12	2	1	
12	3	1	
12	4	1	
12	7	1	
12	15	5	
12	17	1	
12	18	1	
12	19	1	
12	20	1	
12	21	1	
12	23	1	
12	24	2	
12	25	1	
12	26	2	
12	27	1	
12	28	2	
12	30	1	
12	31	4	
12	33	1	
12	38	1	
12	42	4	
12	48	1	
12	50	2	
12	51	3	
12	52	1	
12	56	1	
12	57	1	
12	58	2	
12	60	1	
12	61	1	
12	62	2	
12	63	1	
12	65	2	
13	4	1	
13	7	2	
13	20	1	
13	21	1	
13	26	1	
13	27	1	
13	28	1	
13	30	1	
13	31	1	
13	38	1	
13	40	1	
13	57	1	
13	58	1	
14	9	1	
15	2	5	
15	3	1	
15	4	4	
15	7	3	
15	12	5	
15	17	1	
15	18	1	
15	19	1	
15	20	3	
15	21	2	
15	22	2	
15	23	2	
15	24	2	
15	25	1	
15	26	3	
15	27	2	
15	28	5	
15	30	1	
15	31	7	
15	33	1	
15	34	2	
15	37	1	
15	38	4	
15	39	1	
15	42	6	
15	48	3	
15	49	1	
15	50	3	
15	51	5	
15	52	1	
15	53	1	
15	54	1	
15	56	3	
15	57	2	
15	58	3	
15	59	2	
15	60	1	
15	61	1	
15	62	4	
15	63	2	
15	65	3	
17	1	1	
17	7	1	
17	12	1	
17	15	1	
17	18	1	
17	19	1	
17	21	1	
17	22	1	
17	23	1	
17	24	1	
17	26	1	
17	28	1	
17	31	1	
17	42	2	
17	48	2	
17	49	1	
17	50	2	
17	51	2	
17	55	1	
17	58	1	
17	62	2	
17	63	2	
17	65	1	
18	0	2	
18	1	2	
18	2	1	
18	3	1	
18	4	2	
18	7	4	
18	9	1	
18	12	1	
18	15	1	
18	17	1	
18	20	3	
18	21	1	
18	22	3	
18	23	1	
18	24	1	
18	26	1	
18	27	4	
18	28	4	
18	30	1	
18	31	3	
18	33	2	
18	34	1	
18	38	1	
18	46	1	
18	47	2	
18	48	3	
18	49	1	
18	50	3	
18	51	3	
18	54	1	
18	55	1	
18	56	1	
18	57	1	
18	58	2	
18	59	1	
18	60	3	
18	61	2	
18	62	4	
18	63	1	
18	64	1	
18	65	2	
19	3	2	
19	4	2	
19	12	1	
19	15	1	
19	17	1	
19	21	1	
19	23	2	
19	24	2	
19	26	1	
19	28	1	
19	31	2	
19	42	1	
19	48	1	
19	51	1	
19	57	1	
19	58	1	
19	62	1	
19	63	1	
19	64	1	
19	65	1	
20	0	1	
20	2	3	
20	3	1	
20	4	4	
20	5	1	
20	7	3	
20	9	1	
20	12	1	
20	13	1	
20	15	3	
20	18	3	
20	21	2	
20	22	3	
20	23	3	
20	24	1	
20	26	4	
20	27	4	
20	28	3	
20	30	3	
20	31	3	
20	33	2	
20	34	2	
20	37	1	
20	38	1	
20	40	1	
20	41	1	
20	42	2	
20	43	1	
20	47	1	
20	48	3	
20	49	2	
20	50	2	
20	51	4	
20	53	2	
20	54	1	
20	56	3	
20	57	2	
20	58	3	
20	59	2	
20	60	2	
20	61	1	
20	62	3	
20	65	3	
21	1	2	
21	4	4	
21	7	2	
21	12	1	
21	13	1	
21	15	2	
21	17	1	
21	18	1	
21	19	1	
21	20	2	
21	23	2	
21	24	1	
21	26	4	
21	27	2	
21	28	4	
21	30	1	
21	31	3	
21	33	1	
21	34	1	
21	38	2	
21	40	1	
21	42	1	
21	46	1	
21	48	2	
21	50	1	
21	51	2	
21	54	1	
21	56	2	
21	57	2	
21	58	2	
21	60	2	
21	62	2	
21	63	2	
21	65	1	
22	0	1	
22	1	1	
22	2	1	
22	4	1	
22	7	2	
22	9	1	
22	15	2	
22	17	1	
22	18	3	
22	20	3	
22	23	3	
22	27	2	
22	28	2	
22	31	2	
22	33	1	
22	34	1	
22	37	1	
22	39	1	
22	42	1	
22	44	1	
22	47	1	
22	48	3	
22	49	2	
22	50	2	
22	51	3	
22	55	1	
22	57	2	
22	58	2	
22	59	1	
22	60	1	
22	61	1	
22	62	3	
22	63	1	
22	65	1	
23	2	2	
23	3	1	
23	4	3	
23	5	1	
23	7	4	
23	12	1	
23	15	2	
23	17	1	
23	18	1	
23	19	2	
23	20	3	
23	21	2	
23	22	3	
23	24	2	
23	26	1	
23	27	2	
23	28	2	
23	31	6	
23	33	1	
23	34	1	
23	37	1	
23	38	1	
23	40	1	
23	42	2	
23	43	1	
23	44	1	
23	48	3	
23	49	2	
23	51	5	
23	53	2	
23	54	1	
23	56	2	
23	57	3	
23	58	3	
23	59	4	
23	62	2	
23	63	1	
23	65	2	
24	2	2	
24	3	2	
24	4	3	
24	7	1	
24	12	2	
24	15	2	
24	17	1	
24	18	1	
24	19	2	
24	20	1	
24	21	1	
24	23	2	
24	26	2	
24	27	2	
24	28	3	
24	30	1	
24	31	3	
24	33	1	
24	42	1	
24	43	1	
24	48	1	
24	51	3	
24	53	1	
24	56	1	
24	57	1	
24	58	2	
24	59	1	
24	60	1	
24	61	1	
24	62	2	
24	63	2	
24	65	2	
25	7	1	
25	12	1	
25	15	1	
25	31	1	
25	32	1	
25	42	1	
25	50	2	
25	51	1	
25	65	1	
26	2	2	
26	3	1	
26	4	5	
26	7	2	
26	12	2	
26	13	1	
26	15	3	
26	17	1	
26	18	1	
26	19	1	
26	20	4	
26	21	4	
26	23	1	
26	24	2	
26	27	3	
26	28	4	
26	30	2	
26	31	2	
26	33	1	
26	34	1	
26	38	2	
26	39	1	
26	40	1	
26	42	2	
26	48	2	
26	50	1	
26	51	3	
26	53	1	
26	56	2	
26	58	2	
26	59	1	
26	60	2	
26	61	1	
26	62	2	
26	63	1	
26	65	4	
27	0	1	
27	1	1	
27	2	3	
27	3	1	
27	4	7	
27	7	4	
27	9	1	
27	12	1	
27	13	1	
27	15	2	
27	18	4	
27	20	4	
27	21	2	
27	22	2	
27	23	2	
27	24	2	
27	26	3	
27	28	4	
27	30	2	
27	31	4	
27	33	2	
27	34	4	
27	37	1	
27	38	3	
27	40	1	
27	42	1	
27	43	1	
27	46	1	
27	47	1	
27	48	2	
27	49	3	
27	50	2	
27	51	6	
27	53	1	
27	54	1	
27	56	4	
27	58	2	
27	59	3	
27	60	3	
27	61	3	
27	62	6	
27	63	1	
27	65	2	
28	0	1	
28	1	1	
28	2	3	
28	3	1	
28	4	8	
28	7	5	
28	12	2	
28	13	1	
28	15	5	
28	17	1	
28	18	4	
28	19	1	
28	20	3	
28	21	4	
28	22	2	
28	23	2	
28	24	3	
28	26	4	
28	27	4	
28	30	1	
28	31	7	
28	33	1	
28	34	2	
28	38	2	
28	39	3	
28	42	2	
28	43	1	
28	46	1	
28	48	4	
28	50	2	
28	51	5	
28	53	1	
28	54	1	
28	56	2	
28	57	3	
28	58	6	
28	59	3	
28	60	2	
28	61	1	
28	62	5	
28	63	2	
28	64	1	
28	65	3	
30	2	2	
30	3	1	
30	4	3	
30	7	1	
30	12	1	
30	13	1	
30	15	1	
30	18	1	
30	20	3	
30	21	1	
30	24	1	
30	26	2	
30	27	2	
30	28	1	
30	31	2	
30	33	1	
30	40	1	
30	41	1	
30	51	1	
30	55	1	
30	56	1	
30	58	1	
30	60	1	
30	61	1	
30	62	2	
30	65	1	
31	1	1	
31	2	2	
31	3	2	
31	4	7	
31	7	6	
31	8	1	
31	12	4	
31	13	1	
31	15	7	
31	17	1	
31	18	3	
31	19	2	
31	20	3	
31	21	3	
31	22	2	
31	23	6	
31	24	3	
31	25	1	
31	26	2	
31	27	4	
31	28	7	
31	30	2	
31	33	1	
31	37	1	
31	38	1	
31	42	4	
31	46	1	
31	48	4	
31	49	1	
31	50	2	
31	51	6	
31	54	2	
31	56	2	
31	57	4	
31	58	6	
31	59	3	
31	60	2	
31	61	1	
31	62	4	
31	63	1	
31	65	4	
32	25	1	
33	0	1	
33	2	1	
33	3	1	
33	4	2	
33	5	1	
33	7	1	
33	9	1	
33	12	1	
33	15	1	
33	18	2	
33	20	2	
33	21	1	
33	22	1	
33	23	1	
33	24	1	
33	26	1	
33	27	2	
33	28	1	
33	30	1	
33	31	1	
33	34	2	
33	40	1	
33	43	1	
33	47	1	
33	49	1	
33	50	1	
33	51	2	
33	56	3	
33	58	1	
33	60	3	
33	61	1	
33	62	2	
33	65	2	
34	0	1	
34	2	1	
34	4	3	
34	5	1	
34	7	2	
34	9	1	
34	15	2	
34	18	1	
34	20	2	
34	21	1	
34	22	1	
34	23	1	
34	26	1	
34	27	4	
34	28	2	
34	33	2	
34	38	1	
34	40	1	
34	42	1	
34	43	1	
34	47	1	
34	48	1	
34	49	1	
34	50	2	
34	51	2	
34	53	1	
34	56	4	
34	57	1	
34	59	1	
34	60	1	
34	62	2	
34	65	2	
35	10	1	
35	11	1	
35	37	1	
36	45	1	
37	2	2	
37	4	1	
37	7	1	
37	10	1	
37	11	1	
37	15	1	
37	20	1	
37	22	1	
37	23	1	
37	27	1	
37	31	1	
37	35	1	
37	38	1	
37	42	1	
37	48	1	
37	49	1	
37	51	2	
37	53	1	
37	58	1	
37	59	1	
37	62	1	
38	2	3	
38	4	2	
38	7	4	
38	12	1	
38	13	1	
38	15	4	
38	18	1	
38	20	1	
38	21	2	
38	23	1	
38	26	2	
38	27	3	
38	28	2	
38	31	1	
38	34	1	
38	37	1	
38	42	1	
38	50	1	
38	51	2	
38	52	1	
38	53	2	
38	54	2	
38	56	3	
38	57	3	
38	58	1	
38	61	1	
38	63	1	
38	65	1	
39	7	1	
39	15	1	
39	22	1	
39	26	1	
39	28	3	
39	60	1	
39	62	1	
39	65	1	
40	4	2	
40	5	1	
40	7	2	
40	13	1	
40	20	1	
40	21	1	
40	23	1	
40	26	1	
40	27	1	
40	30	1	
40	33	1	
40	34	1	
40	43	1	
40	51	1	
40	56	1	
40	65	1	
41	20	1	
41	30	1	
42	2	2	
42	4	2	
42	7	2	
42	12	4	
42	15	6	
42	17	2	
42	19	1	
42	20	2	
42	21	1	
42	22	1	
42	23	2	
42	24	1	
42	25	1	
42	26	2	
42	27	1	
42	28	2	
42	31	4	
42	34	1	
42	37	1	
42	38	1	
42	48	3	
42	49	1	
42	50	4	
42	51	4	
42	52	1	
42	53	1	
42	56	1	
42	57	1	
42	58	2	
42	59	2	
42	62	2	
42	63	2	
42	65	2	
43	2	1	
43	4	2	
43	5	2	
43	7	1	
43	20	1	
43	23	1	
43	24	1	
43	27	1	
43	28	1	
43	33	1	
43	34	1	
43	40	1	
43	51	2	
43	56	1	
43	59	1	
43	63	1	
43	65	1	
44	7	1	
44	22	1	
44	23	1	
45	36	1	
46	1	1	
46	4	1	
46	7	1	
46	18	1	
46	21	1	
46	27	1	
46	28	1	
46	31	1	
46	48	1	
46	50	1	
46	51	1	
46	54	1	
46	60	1	
46	62	1	
47	0	1	
47	9	1	
47	18	2	
47	20	1	
47	22	1	
47	27	1	
47	33	1	
47	34	1	
47	49	1	
47	50	1	
47	60	1	
47	62	1	
48	1	2	
48	2	2	
48	4	4	
48	7	4	
48	12	1	
48	15	3	
48	17	2	
48	18	3	
48	19	1	
48	20	3	
48	21	2	
48	22	3	
48	23	3	
48	24	1	
48	26	2	
48	27	2	
48	28	4	
48	31	4	
48	34	1	
48	37	1	
48	42	3	
48	46	1	
48	49	2	
48	50	3	
48	51	6	
48	52	1	
48	53	1	
48	54	1	
48	55	1	
48	56	1	
48	57	1	
48	58	3	
48	59	2	
48	60	2	
48	62	4	
48	63	2	
48	65	2	
49	0	1	
49	2	1	
49	4	1	
49	9	1	
49	15	1	
49	17	1	
49	18	1	
49	20	2	
49	22	2	
49	23	2	
49	27	3	
49	31	1	
49	33	1	
49	34	1	
49	37	1	
49	42	1	
49	47	1	
49	48	2	
49	50	1	
49	51	2	
49	53	1	
49	58	1	
49	59	2	
49	60	1	
49	62	2	
50	0	1	
50	1	3	
50	2	1	
50	4	2	
50	7	4	
50	9	1	
50	12	2	
50	15	3	
50	17	2	
50	18	3	
50	20	2	
50	21	1	
50	22	2	
50	25	2	
50	26	1	
50	27	2	
50	28	2	
50	31	2	
50	33	1	
50	34	2	
50	38	1	
50	42	4	
50	46	1	
50	47	1	
50	48	3	
50	49	1	
50	51	6	
50	52	1	
50	53	1	
50	54	1	
50	55	1	
50	56	1	
50	59	1	
50	60	2	
50	62	3	
50	63	2	
50	65	3	
51	1	3	
51	2	6	
51	3	1	
51	4	6	
51	5	1	
51	7	7	
51	12	3	
51	15	5	
51	17	2	
51	18	3	
51	19	1	
51	20	4	
51	21	2	
51	22	3	
51	23	5	
51	24	3	
51	25	1	
51	26	3	
51	27	6	
51	28	5	
51	30	1	
51	31	6	
51	33	2	
51	34	2	
51	37	2	
51	38	2	
51	40	1	
51	42	4	
51	43	2	
51	46	1	
51	48	6	
51	49	2	
51	50	6	
51	53	6	
51	54	2	
51	55	1	
51	56	5	
51	57	1	
51	58	3	
51	59	5	
51	60	2	
51	61	1	
51	62	5	
51	63	5	
51	65	5	
52	12	1	
52	15	1	
52	38	1	
52	42	1	
52	48	1	
52	50	1	
53	2	3	
53	4	1	
53	7	2	
53	15	1	
53	20	2	
53	23	2	
53	24	1	
53	26	1	
53	27	1	
53	28	1	
53	34	1	
53	37	1	
53	38	2	
53	42	1	
53	48	1	
53	49	1	
53	50	1	
53	51	6	
53	54	1	
53	56	3	
53	57	1	
53	59	3	
53	65	1	
54	1	1	
54	2	2	
54	4	1	
54	7	2	
54	15	1	
54	18	1	
54	20	1	
54	21	1	
54	23	1	
54	27	1	
54	28	1	
54	31	2	
54	38	2	
54	46	1	
54	48	1	
54	50	1	
54	51	2	
54	53	1	
54	56	1	
54	57	3	
54	60	1	
54	62	1	
55	1	1	
55	7	1	
55	17	1	
55	18	1	
55	22	1	
55	30	1	
55	48	1	
55	50	1	
55	51	1	
55	62	1	
55	63	1	
55	65	1	
56	2	2	
56	3	1	
56	4	3	
56	5	1	
56	7	2	
56	12	1	
56	15	3	
56	18	1	
56	20	3	
56	21	2	
56	23	2	
56	24	1	
56	26	2	
56	27	4	
56	28	2	
56	30	1	
56	31	2	
56	33	3	
56	34	4	
56	38	3	
56	40	1	
56	42	1	
56	43	1	
56	48	1	
56	50	1	
56	51	5	
56	53	3	
56	54	1	
56	57	2	
56	58	1	
56	59	2	
56	60	2	
56	61	1	
56	62	1	
56	65	3	
57	2	2	
57	3	1	
57	4	2	
57	7	2	
57	12	1	
57	13	1	
57	15	2	
57	18	1	
57	19	1	
57	20	2	
57	21	2	
57	22	2	
57	23	3	
57	24	1	
57	28	3	
57	31	4	
57	34	1	
57	38	3	
57	42	1	
57	48	1	
57	51	1	
57	53	1	
57	54	3	
57	56	2	
57	58	3	
57	61	1	
57	65	2	
58	2	2	
58	3	1	
58	4	3	
58	7	2	
58	12	2	
58	13	1	
58	15	3	
58	17	1	
58	18	2	
58	19	1	
58	20	3	
58	21	2	
58	22	2	
58	23	3	
58	24	2	
58	26	2	
58	27	2	
58	28	6	
58	30	1	
58	31	6	
58	33	1	
58	37	1	
58	38	1	
58	42	2	
58	48	3	
58	49	1	
58	51	3	
58	56	1	
58	57	3	
58	59	1	
58	60	1	
58	61	1	
58	62	3	
58	63	1	
58	65	1	
59	0	1	
59	2	5	
59	4	3	
59	7	2	
59	15	2	
59	18	1	
59	20	2	
59	22	1	
59	23	4	
59	24	1	
59	26	1	
59	27	3	
59	28	3	
59	31	3	
59	34	1	
59	37	1	
59	42	2	
59	43	1	
59	48	2	
59	49	2	
59	50	1	
59	51	5	
59	53	3	
59	56	2	
59	58	1	
59	62	1	
59	63	1	
59	64	1	
59	65	3	
60	0	1	
60	1	1	
60	2	1	
60	3	1	
60	4	2	
60	7	1	
60	9	1	
60	12	1	
60	15	1	
60	18	3	
60	20	2	
60	21	2	
60	22	1	
60	24	1	
60	26	2	
60	27	3	
60	28	2	
60	30	1	
60	31	2	
60	33	3	
60	34	1	
60	39	1	
60	46	1	
60	47	1	
60	48	2	
60	49	1	
60	50	2	
60	51	2	
60	54	1	
60	56	2	
60	58	1	
60	61	1	
60	62	3	
60	65	1	
61	0	1	
61	2	1	
61	3	1	
61	4	1	
61	7	1	
61	12	1	
61	15	1	
61	18	2	
61	20	1	
61	22	1	
61	24	1	
61	26	1	
61	27	3	
61	28	1	
61	30	1	
61	31	1	
61	33	1	
61	38	1	
61	51	1	
61	56	1	
61	57	1	
61	58	1	
61	60	1	
61	62	2	
61	65	1	
62	0	1	
62	1	2	
62	2	3	
62	3	1	
62	4	4	
62	7	3	
62	9	1	
62	12	2	
62	15	4	
62	17	2	
62	18	4	
62	19	1	
62	20	3	
62	21	2	
62	22	3	
62	23	2	
62	24	2	
62	26	2	
62	27	6	
62	28	5	
62	30	2	
62	31	4	
62	33	2	
62	34	2	
62	37	1	
62	39	1	
62	42	2	
62	46	1	
62	47	1	
62	48	4	
62	49	2	
62	50	3	
62	51	5	
62	54	1	
62	55	1	
62	56	1	
62	58	3	
62	59	1	
62	60	3	
62	61	2	
62	63	2	
62	65	3	
63	1	1	
63	2	2	
63	4	1	
63	7	1	
63	12	1	
63	15	2	
63	17	2	
63	18	1	
63	19	1	
63	21	2	
63	22	1	
63	23	1	
63	24	2	
63	26	1	
63	27	1	
63	28	2	
63	31	1	
63	38	1	
63	42	2	
63	43	1	
63	48	2	
63	50	2	
63	51	5	
63	55	1	
63	58	1	
63	59	1	
63	62	2	
63	65	1	
64	0	1	
64	3	1	
64	18	1	
64	19	1	
64	28	1	
64	59	1	
65	1	1	
65	2	2	
65	3	2	
65	4	5	
65	5	1	
65	7	5	
65	12	2	
65	15	3	
65	17	1	
65	18	2	
65	19	1	
65	20	3	
65	21	1	
65	22	1	
65	23	2	
65	24	2	
65	25	1	
65	26	4	
65	27	2	
65	28	3	
65	30	1	
65	31	4	
65	33	2	
65	34	2	
65	38	1	
65	39	1	
65	40	1	
65	42	2	
65	43	1	
65	48	2	
65	50	3	
65	51	5	
65	53	1	
65	55	1	
65	56	3	
65	57	2	
65	58	1	
65	59	3	
65	60	1	
65	61	1	
65	62	3	
65	63	1	
