33	0.00807255327416258
32	0.00976679286100157
90	0.0119593381589588
63	0.0166434123075764
71	0.0131552720141694
7	0.00398644609809755
102	0.00378712377252706
26	0.0165437513070122
80	0.00129559499123841
99	0.0216264699145483
18	0.00926848706204492
72	0.00588000793060485
16	0.00757424751893413
44	0.0149491728719689
74	0.0100657764265168
84	0.000199322304091479
27	0.00468407410943503
95	0.0041857684668233
57	0.00757424755324816
61	0.00637831368294
108	0.0066772971849385
115	0.00607933037767138
20	0.00368746261198532
109	0.0210285031299892
92	0.00667729714739405
103	0.0021925453384215
89	0.0036874626194637
10	0.00428542963458992
31	0.0243173210006259
113	0.000697628068675269
35	0.00498305756789566
11	0.00657763609515532
91	0.000697628059237341
78	0.00398644606137011
48	0.00607933037131652
107	0.010962726817649
87	0.0110623879376972
93	0.0110623879617568
77	0.0012955949764395
106	0.00279051224199918
29	0.0102650987185121
65	0.00358780145683791
50	0.00189356189872274
39	0.0174407015708492
64	0.00119593383627399
97	0.00767390866943051
114	0.014849511615056
41	0.0134542555612656
12	0.0137532390576468
58	0.0081722144383451
15	0.00956747065697536
81	0.00448475186192975
52	0.00906916475599697
60	0.0174407016245946
56	0.0113613712586503
45	0.0154474786438943
101	0.00588000804097624
66	0.00677695831977016
73	0.00667729713512462
19	0.00398644616268315
86	0.00936814822669519
76	0.00667729713512462
62	9.96611506305358e-05
54	0.0180386684719177
67	0.00149491726936646
70	0.00518237999786187
68	0.010663743354256
2	0.00338847915186998
17	0.011461032424883
1	0.00737492535635777
88	0.0120589994576292
30	0.0228224037158913
100	0.000697628059091747
110	0.0118596771424789
82	0.0103647597834306
25	0.0151484951877723
28	0.0159457843866622
40	0.00548136344778016
75	0.00169423960482229
83	0.00508271872731136
14	0.00398644609809755
59	0.0211281641305191
112	0.00508271882604177
69	0.00109627266622526
49	0.00129559496810983
24	0.0065776361227858
104	0.00877018133640206
53	0.0117600158866897
79	0.00518237986697678
22	0.000298983468462745
42	0.0140522223447756
46	0.00817221443674204
0	0.00458441307973022
23	0.0152481562084442
13	0.00408610731451393
96	0.0150488338800005
105	0.00607933026653494
6	0.00707594188300039
85	0.00448475192183974
3	0.00508271875308468
36	0.0140522224905289
94	0.0123579829325788
111	0.0077735699225419
9	0.00428542963458992
51	0.00896950363020599
47	0.0233207094720372
38	0.0193342635101498
8	0.0198325691597604
4	0.0216264699347638
98	0.0132549332707375
34	0.0115606935508184
37	0.00518237999786187
43	0.0119593381596542
5	0.0030894957092551
