127	0.0106441064808848
32	0.00016459958189114
276	0.00323712518797599
90	0.00378579044314616
206	0.000384065869234517
71	0.0058981517872939
118	0.00683088276920108
102	0.00123449688350259
16	0.00244156051695471
84	0.00507515389046616
233	0.000548665287466529
194	5.48665282644241e-05
259	0.00496542080072386
57	0.00205749499816552
220	0.00318225863718147
163	5.48665281263515e-05
89	0.0107538395452804
175	0.00115219709032689
31	0.0025238603206397
35	0.00170086240049493
11	0.000329199191162586
208	0.000466365495315204
93	0.00211236133981889
29	0.00159112934572201
114	0.000795564660060949
199	0.00175572892863845
226	0.0069954823800314
58	0.00770874724558702
153	0.00238669397393546
15	0.00688574929659865
211	0.00765388069964162
101	0.00208492810319402
76	0.00828484577244335
62	0.00331942498691761
67	0.00419728940783193
198	5.48665282112461e-05
139	0.00366300366300366
129	0.000521232019102034
280	0.00167342911406655
273	0.00186546196614452
236	0.00318225865926607
168	0.00109733056740259
218	0.00211236133849364
202	0.00540435305186538
249	0.00268845991575202
135	0.00288049272944686
184	0.00192032848611632
14	0.0021397946054318
145	0.000329199170807727
49	0.00150882955143632
24	0.00474595469053776
178	0.000603531990860205
285	0.00817511270574783
140	0.00164599587505337
124	0.00617248442894482
104	0.00589815180452377
131	2.74332639155946e-05
181	0.00584328526240367
234	0.00598045157062608
0	0.000384065869234517
23	0.000384065869234517
96	0.00203006157042614
159	0.000137166317972571
160	0.00729724825794155
47	0.00425215593840528
98	0.00858661167065
37	0.000137166317972571
43	0.000877864454141233
270	0.00513002041417372
5	2.74332641210402e-05
195	0.00224952766584535
21	0.00200262828784173
119	0.00205749480333286
180	0.000384065869234517
244	0.00189289543193869
162	0.000576098732829918
240	0.000274332640633842
246	0.000713264869078773
74	0.00737954807054338
61	0.00932730979983576
230	0.00156369605360368
115	0.00397782329352348
103	0.00770874722101819
201	0.0007955646650319
113	0.000384065696726836
152	0.00307252558076062
189	0.0015636960565323
91	0.00351145780316716
266	0.00400525656080143
107	0.00691318258421381
87	0.0021946611371084
77	0.00150882952787211
174	0.0118511700944637
214	0.00480082123731293
221	0.00301765904482858
39	0.00222209439679727
64	0.00971137551947369
97	0.00886094433245551
41	0.00200262828784173
12	0.00366300366300366
52	0.00203006154275248
229	0.000740698135852114
45	0.00414242288799457
260	0.00230439418409944
237	0.00743441459755348
188	0.00685831603284787
68	0.00342915801815357
1	0.000384065869234517
136	0.0017282956397282
116	0.00416985614380353
144	0.00205749483471512
100	0.00389552350623435
222	0.00255129356742306
25	0.00990340833365905
120	0.0092724432980211
286	0.00255129361414112
83	0.00779104703861834
254	0.00238669397740006
177	0.000384065869234517
217	0.00510258714353767
239	0.0130856669818022
122	0.000384065869234517
143	0.00164599584535628
158	0.0011796303820479
205	0.00480082122765776
42	0.00389552353105281
269	0.0102051742840584
281	0.000411498965064723
46	0.00556895260844647
235	0.00548665282649912
6	0.00562381933443519
36	0.00164599584537508
94	0.00318225882843318
213	0.00694061581742731
183	0.00213979459800717
51	0.000384065695444315
265	0.00526718674415264
132	0.00822997922857139
169	0.0014265297285293
171	0.000466365495315204
200	0.00532205323691825
18	0.0110830387086303
125	0.00342915801779171
44	0.0035114578132619
27	0.00159112934572201
161	2.74332643655061e-05
272	0.00636451727758226
190	0.0012070636194811
95	0.00598045160086175
20	0.00318225866810243
109	0.00710521543335828
231	0.00156369607972588
243	0.00065839836501488
151	0.0002468993765343
148	0.00200262830638459
78	0.00798307988957736
106	0.00532205323662901
275	0.00477338795846299
157	0.0043618889934895
65	0.00359375760629531
197	0.00200262827530255
203	0.00183802872042446
261	0.00644681707073845
138	0.000493798753148236
81	0.00353889107709649
137	0.00373092391992839
60	0.0057061189783527
284	0.00625478441420324
86	0.0119883364293585
247	0.00315482537561851
204	0.00746184788084989
165	0.00128936341466412
2	0.00189289543193869
17	0.00172829564478732
186	5.48665281303248e-05
82	0.00825741251106169
110	0.00502028734824066
147	0.000850431186681083
228	0.00153626279169206
268	0.0023043941920788
112	0.002414127268553
69	0.0080379464196645
191	0.000164599586850211
172	0.000713264867111258
224	0.0052123202151188
187	0.00057609856913485
223	0.00299022578582424
282	0.00768131396234863
262	0.00510258712598865
121	0.0103972071103553
79	0.00112476383647539
212	0.000521232013324009
126	0.00408755635938775
238	0.000192032848515728
251	0.0104795068988018
253	0.00244156050694849
279	0.00183802872189692
176	0.00578841873214806
209	0.00213979461215352
256	0.0013167966750278
117	0.0029353592851561
170	0.00400525656059827
33	0.00655655015307817
63	0.000164599586850211
7	0.00364862412967693
80	0.00337429148824286
227	8.22997923159333e-05
26	2.74332640406128e-05
99	0.00630965074896356
72	0.003209691907322
179	0.000438932227474001
255	0.00345659128404328
264	0.00106989729808103
182	0.00334685823066845
108	0.00194776175421287
277	0.000466365495315204
92	0.00576098546354194
232	0.00869634472341057
225	0.00366300366300366
142	0.00458135513756337
207	0.0043618889919323
263	0.00351145780986299
167	0.00366300366300366
48	0.00128936340979275
133	0.000192032848512861
149	0.00759901417151882
50	0.00213979461215352
210	0.00156369605237111
258	0.0064468170715528
173	0.00658398338759784
56	8.22997941021353e-05
66	0.00320969195070435
19	0.00123449688334762
54	5.48665281263515e-05
274	0.00603531811012124
70	0.00595301832753676
166	0.00238669397393546
88	0.00532205326242985
141	0.00458135511027045
30	0.00762644742959627
128	0.006968049107886
252	0.00356632435310187
28	0.000192032849500032
40	0.000685831621878191
156	0.00101503077293726
75	0.00326455842994102
283	0.002688459881391
134	0.000521232019309549
192	0.00329199169287344
250	0.00312739211161387
59	0.00427958921039799
215	0.000274332640418118
278	0.00334685822462819
150	0.00438932228206519
271	0.0146493630528836
155	0.00551408611210937
130	0.00252386029430706
267	0.0107538395589922
219	0.00510258715326875
13	0.00326455846268223
257	0.00587071851933956
105	0.00702291561081977
85	0.0114122378737077
185	0.0055963858890843
3	0.00192032851376612
248	0.00186546196614452
9	0.00334685822043883
111	0.0112202050252138
38	0.000822997925417306
4	0.00315482537723914
164	0.00167342911406655
196	0.00496542080316143
242	0.00213979461215352
