0	1	2
0	2	3
0	3	4
0	4	2
0	5	1
0	6	4
0	7	2
0	8	5
0	9	1
0	10	1
0	11	4
0	12	2
0	13	1
0	14	1
0	15	1
0	18	5
0	21	3
0	22	3
0	23	1
0	24	3
0	25	3
0	26	4
0	27	6
0	28	2
0	29	2
0	30	1
0	31	4
0	32	2
0	33	2
0	35	2
0	36	2
0	37	2
0	38	3
0	39	5
0	40	2
0	43	2
0	44	5
0	45	1
0	46	5
0	47	2
0	48	2
0	49	5
0	50	3
0	51	3
0	52	3
0	53	2
0	55	4
0	56	4
0	57	4
0	58	2
0	59	3
0	60	4
0	61	3
0	62	3
0	63	5
0	64	4
0	65	3
0	66	3
0	67	1
0	68	4
0	69	3
0	70	3
0	71	3
0	72	4
0	73	1
0	74	5
0	75	2
0	76	3
0	77	5
0	78	1
0	79	1
0	80	5
0	81	5
0	82	2
0	84	5
0	85	4
0	87	2
0	88	3
0	89	3
0	90	1
0	91	1
0	92	2
0	93	2
0	94	5
0	95	2
0	96	3
0	97	2
0	98	5
0	99	3
0	100	5
0	101	4
0	102	5
0	103	1
0	104	3
0	105	1
0	106	4
0	107	4
0	109	4
1	0	2
1	2	4
1	3	3
1	4	1
1	5	3
1	6	5
1	7	3
1	8	5
1	9	2
1	10	1
1	11	5
1	12	4
1	13	2
1	14	1
1	16	2
1	17	1
1	18	4
1	19	2
1	20	1
1	21	4
1	22	5
1	24	3
1	25	2
1	26	4
1	27	6
1	28	1
1	29	4
1	30	6
1	31	1
1	32	2
1	33	4
1	35	2
1	36	2
1	37	4
1	38	3
1	39	7
1	40	2
1	41	2
1	42	2
1	43	3
1	44	3
1	46	2
1	47	4
1	48	3
1	49	3
1	50	3
1	51	1
1	52	3
1	53	7
1	54	1
1	55	4
1	56	5
1	57	3
1	59	3
1	60	3
1	61	5
1	62	4
1	63	5
1	64	4
1	65	2
1	66	2
1	67	3
1	68	3
1	69	2
1	70	3
1	71	2
1	72	3
1	73	1
1	74	2
1	75	2
1	76	4
1	77	2
1	78	2
1	79	1
1	80	6
1	81	5
1	82	2
1	84	4
1	85	3
1	86	2
1	87	2
1	88	4
1	89	4
1	90	1
1	92	2
1	94	4
1	95	5
1	96	2
1	97	4
1	98	5
1	99	3
1	100	6
1	101	6
1	102	2
1	103	1
1	104	3
1	106	7
1	107	3
1	108	2
1	109	1
2	0	3
2	1	4
2	3	6
2	4	4
2	5	2
2	6	6
2	7	4
2	8	6
2	9	2
2	10	2
2	11	7
2	12	3
2	13	3
2	14	2
2	15	1
2	16	1
2	17	2
2	18	3
2	20	1
2	21	6
2	22	7
2	23	1
2	24	7
2	25	9
2	26	8
2	27	12
2	28	2
2	29	7
2	30	3
2	31	7
2	32	2
2	33	4
2	34	1
2	35	4
2	36	5
2	37	6
2	38	4
2	39	9
2	40	2
2	41	1
2	42	1
2	43	3
2	44	8
2	46	11
2	47	6
2	48	3
2	49	12
2	50	5
2	51	7
2	52	6
2	53	9
2	54	1
2	55	6
2	56	8
2	57	5
2	58	3
2	59	5
2	60	9
2	61	8
2	62	4
2	63	8
2	64	10
2	65	8
2	66	4
2	67	2
2	68	7
2	69	5
2	70	3
2	71	7
2	72	4
2	73	1
2	74	8
2	75	2
2	76	4
2	77	7
2	78	4
2	79	2
2	80	6
2	81	5
2	82	1
2	83	1
2	84	6
2	85	5
2	86	3
2	87	3
2	88	9
2	89	4
2	90	2
2	91	1
2	92	3
2	93	3
2	94	10
2	95	5
2	96	3
2	97	7
2	98	8
2	99	5
2	100	7
2	101	10
2	102	4
2	103	2
2	104	4
2	105	3
2	106	6
2	107	7
2	108	1
2	109	7
3	0	4
3	1	3
3	2	6
3	4	2
3	5	6
3	6	5
3	7	4
3	8	9
3	9	2
3	10	2
3	11	6
3	12	3
3	13	4
3	14	2
3	15	4
3	16	2
3	17	1
3	18	10
3	19	1
3	21	8
3	22	6
3	23	2
3	24	8
3	25	4
3	26	10
3	27	13
3	28	3
3	29	5
3	30	5
3	31	8
3	32	1
3	33	4
3	34	1
3	35	4
3	36	2
3	37	5
3	38	6
3	39	8
3	40	4
3	43	3
3	44	13
3	46	11
3	47	3
3	48	3
3	49	8
3	50	4
3	51	6
3	52	7
3	53	2
3	55	7
3	56	8
3	57	6
3	58	2
3	59	3
3	60	8
3	61	10
3	62	5
3	63	10
3	64	7
3	65	8
3	66	6
3	67	1
3	68	7
3	69	6
3	70	5
3	71	9
3	72	5
3	73	1
3	74	8
3	75	3
3	76	6
3	77	9
3	78	3
3	79	1
3	80	7
3	81	9
3	82	5
3	84	7
3	85	5
3	86	3
3	87	4
3	88	5
3	89	8
3	90	2
3	91	1
3	92	4
3	93	4
3	94	8
3	95	5
3	96	5
3	97	5
3	98	8
3	99	5
3	100	7
3	101	7
3	102	6
3	103	3
3	104	10
3	105	1
3	106	9
3	107	5
3	108	3
3	109	5
4	0	2
4	1	1
4	2	4
4	3	2
4	5	2
4	6	5
4	7	3
4	8	4
4	9	3
4	10	2
4	11	3
4	12	2
4	13	2
4	15	2
4	16	2
4	17	1
4	18	1
4	19	1
4	21	3
4	22	5
4	24	4
4	25	4
4	26	4
4	27	7
4	28	2
4	29	2
4	30	4
4	31	4
4	32	2
4	33	3
4	34	1
4	35	2
4	36	4
4	37	3
4	38	3
4	39	4
4	40	1
4	41	1
4	43	2
4	44	4
4	45	1
4	46	5
4	47	5
4	48	4
4	49	7
4	50	2
4	51	2
4	52	5
4	53	5
4	55	5
4	56	5
4	57	3
4	58	1
4	59	3
4	60	4
4	61	4
4	62	2
4	63	4
4	64	6
4	65	4
4	66	5
4	67	2
4	68	4
4	69	2
4	70	4
4	71	4
4	72	3
4	73	1
4	74	7
4	75	1
4	76	6
4	77	6
4	78	1
4	79	1
4	80	6
4	81	3
4	82	2
4	83	1
4	84	7
4	85	4
4	86	1
4	87	3
4	88	4
4	89	4
4	90	3
4	91	3
4	92	4
4	93	1
4	94	5
4	95	2
4	96	4
4	97	3
4	98	5
4	99	4
4	100	5
4	101	5
4	102	3
4	103	1
4	104	3
4	105	1
4	106	1
4	107	4
4	108	2
4	109	4
5	0	1
5	1	3
5	2	2
5	3	6
5	4	2
5	6	3
5	7	2
5	8	4
5	9	2
5	10	1
5	11	6
5	12	2
5	13	2
5	14	1
5	15	4
5	16	3
5	18	2
5	19	2
5	20	1
5	21	6
5	22	2
5	23	1
5	24	5
5	25	1
5	26	5
5	27	9
5	28	1
5	29	4
5	30	6
5	31	3
5	32	1
5	33	1
5	34	1
5	35	2
5	37	4
5	38	4
5	39	4
5	40	4
5	41	1
5	42	1
5	43	1
5	44	5
5	45	1
5	46	5
5	47	2
5	48	4
5	49	5
5	50	2
5	51	3
5	52	3
5	53	3
5	54	1
5	55	6
5	56	4
5	57	3
5	58	2
5	59	1
5	60	5
5	61	3
5	62	3
5	63	5
5	64	3
5	65	4
5	66	3
5	67	3
5	68	4
5	69	3
5	70	4
5	71	4
5	72	1
5	73	1
5	74	4
5	75	1
5	76	5
5	77	2
5	78	1
5	79	1
5	80	5
5	81	7
5	82	4
5	84	4
5	85	3
5	86	3
5	87	3
5	88	3
5	89	6
5	90	2
5	91	1
5	92	4
5	93	2
5	94	2
5	95	5
5	96	5
5	97	6
5	98	4
5	99	4
5	100	4
5	101	4
5	102	3
5	103	2
5	104	1
5	105	1
5	106	3
5	107	3
5	108	3
5	109	2
6	0	4
6	1	5
6	2	6
6	3	5
6	4	5
6	5	3
6	7	7
6	8	8
6	9	3
6	10	3
6	11	8
6	12	5
6	13	4
6	14	2
6	15	3
6	16	4
6	17	4
6	18	4
6	19	2
6	20	1
6	21	6
6	22	9
6	23	1
6	24	8
6	25	8
6	26	9
6	27	9
6	28	3
6	29	8
6	30	4
6	31	6
6	32	4
6	33	5
6	34	1
6	35	5
6	36	5
6	37	7
6	38	7
6	39	8
6	40	2
6	41	2
6	42	1
6	43	7
6	44	10
6	45	1
6	46	12
6	47	7
6	48	6
6	49	9
6	50	5
6	51	6
6	52	9
6	53	11
6	54	2
6	55	8
6	56	10
6	57	7
6	58	4
6	59	6
6	60	10
6	61	7
6	62	6
6	63	12
6	64	8
6	65	7
6	66	11
6	67	3
6	68	9
6	69	6
6	70	10
6	71	12
6	72	7
6	73	4
6	74	10
6	75	3
6	76	6
6	77	10
6	78	2
6	79	4
6	80	12
6	81	8
6	82	2
6	83	1
6	84	11
6	85	8
6	86	2
6	87	6
6	88	9
6	89	8
6	90	4
6	91	3
6	92	4
6	93	4
6	94	7
6	95	4
6	96	4
6	97	8
6	98	8
6	99	6
6	100	9
6	101	8
6	102	7
6	103	5
6	104	9
6	105	3
6	106	8
6	107	7
6	108	3
6	109	8
7	0	2
7	1	3
7	2	4
7	3	4
7	4	3
7	5	2
7	6	7
7	8	5
7	9	3
7	10	1
7	11	9
7	12	5
7	13	3
7	14	1
7	15	3
7	16	4
7	17	3
7	18	4
7	19	2
7	20	1
7	21	6
7	22	7
7	23	3
7	24	5
7	25	3
7	26	6
7	27	9
7	29	6
7	30	7
7	31	6
7	32	2
7	33	4
7	35	3
7	36	2
7	37	6
7	38	4
7	39	5
7	40	1
7	41	1
7	42	2
7	43	3
7	44	7
7	45	1
7	46	9
7	47	5
7	48	4
7	49	5
7	50	2
7	51	3
7	52	7
7	53	5
7	54	1
7	55	5
7	56	6
7	57	4
7	58	2
7	59	3
7	60	6
7	61	7
7	62	4
7	63	8
7	64	5
7	65	7
7	66	3
7	67	2
7	68	6
7	69	3
7	70	6
7	71	6
7	72	5
7	73	2
7	74	5
7	75	1
7	76	4
7	77	6
7	78	1
7	79	2
7	80	9
7	81	7
7	82	3
7	84	7
7	85	5
7	86	2
7	87	3
7	88	5
7	89	6
7	90	1
7	91	2
7	92	6
7	93	3
7	94	7
7	95	4
7	96	4
7	97	3
7	98	5
7	99	8
7	100	7
7	101	6
7	102	3
7	103	2
7	104	5
7	105	3
7	106	6
7	107	6
7	108	2
7	109	5
8	0	5
8	1	5
8	2	6
8	3	9
8	4	4
8	5	4
8	6	8
8	7	5
8	9	4
8	10	3
8	11	10
8	12	5
8	13	6
8	14	2
8	15	5
8	16	8
8	17	3
8	18	7
8	19	4
8	21	9
8	22	13
8	23	4
8	24	10
8	25	9
8	26	13
8	27	12
8	28	4
8	29	6
8	30	9
8	31	10
8	32	3
8	33	8
8	34	2
8	35	10
8	36	6
8	37	10
8	38	7
8	39	11
8	40	3
8	41	2
8	43	6
8	44	15
8	45	1
8	46	14
8	47	10
8	48	5
8	49	10
8	50	6
8	51	8
8	52	9
8	53	11
8	54	1
8	55	9
8	56	17
8	57	13
8	58	2
8	59	5
8	60	11
8	61	10
8	62	12
8	63	14
8	64	11
8	65	10
8	66	16
8	67	3
8	68	11
8	69	3
8	70	12
8	71	11
8	72	9
8	73	2
8	74	11
8	75	3
8	76	10
8	77	11
8	78	3
8	79	3
8	80	12
8	81	11
8	82	6
8	83	1
8	84	13
8	85	10
8	87	10
8	88	8
8	89	13
8	90	4
8	91	4
8	92	7
8	93	4
8	94	12
8	95	10
8	96	5
8	97	7
8	98	12
8	99	6
8	100	11
8	101	14
8	102	7
8	103	3
8	104	9
8	105	2
8	106	9
8	107	9
8	108	3
8	109	6
9	0	1
9	1	2
9	2	2
9	3	2
9	4	3
9	5	2
9	6	3
9	7	3
9	8	4
9	10	3
9	11	8
9	12	3
9	13	6
9	15	6
9	16	3
9	17	4
9	18	4
9	19	1
9	21	4
9	22	2
9	23	3
9	24	4
9	25	3
9	26	8
9	27	8
9	28	1
9	29	5
9	30	7
9	31	4
9	32	3
9	33	7
9	34	2
9	35	3
9	36	4
9	37	5
9	38	3
9	39	5
9	41	2
9	42	3
9	43	6
9	44	5
9	45	1
9	46	9
9	47	6
9	48	2
9	49	6
9	50	3
9	51	2
9	52	5
9	53	5
9	54	1
9	55	3
9	56	8
9	57	5
9	58	2
9	59	1
9	60	4
9	61	6
9	62	1
9	63	4
9	64	3
9	65	4
9	66	5
9	67	2
9	68	6
9	69	4
9	70	5
9	71	4
9	72	3
9	73	2
9	74	4
9	75	2
9	76	4
9	77	6
9	79	3
9	80	9
9	81	8
9	82	1
9	83	1
9	84	5
9	85	3
9	86	1
9	87	6
9	88	3
9	89	3
9	90	1
9	91	1
9	92	4
9	93	3
9	94	4
9	95	5
9	96	1
9	97	4
9	98	6
9	99	1
9	100	4
9	101	3
9	102	2
9	103	3
9	104	3
9	105	4
9	106	3
9	107	4
9	109	6
10	0	1
10	1	1
10	2	2
10	3	2
10	4	2
10	5	1
10	6	3
10	7	1
10	8	3
10	9	3
10	11	2
10	12	2
10	13	2
10	15	2
10	16	1
10	17	3
10	18	1
10	19	1
10	20	1
10	21	2
10	22	3
10	23	2
10	24	4
10	25	1
10	26	3
10	27	5
10	28	2
10	30	4
10	31	3
10	32	4
10	33	2
10	34	1
10	35	3
10	36	1
10	37	4
10	38	5
10	39	4
10	40	2
10	41	1
10	43	3
10	44	4
10	46	4
10	47	1
10	48	2
10	49	3
10	50	2
10	51	1
10	52	3
10	53	3
10	55	2
10	56	3
10	57	5
10	59	1
10	60	4
10	61	3
10	62	1
10	63	3
10	64	4
10	65	4
10	66	4
10	67	3
10	68	5
10	69	2
10	70	6
10	71	6
10	72	1
10	73	1
10	74	3
10	75	1
10	76	5
10	77	5
10	79	1
10	80	4
10	81	4
10	82	1
10	83	1
10	84	2
10	85	3
10	87	2
10	88	3
10	90	3
10	91	1
10	92	1
10	93	1
10	94	3
10	95	1
10	96	3
10	97	3
10	98	3
10	99	1
10	100	4
10	101	3
10	102	2
10	103	2
10	104	3
10	105	2
10	106	2
10	107	2
10	109	3
11	0	4
11	1	5
11	2	7
11	3	6
11	4	3
11	5	6
11	6	8
11	7	9
11	8	10
11	9	8
11	10	2
11	12	6
11	13	5
11	15	8
11	16	7
11	17	4
11	18	8
11	19	3
11	20	2
11	21	10
11	22	11
11	23	3
11	24	10
11	25	9
11	26	10
11	27	20
11	28	1
11	29	12
11	30	16
11	31	9
11	32	2
11	33	10
11	34	1
11	35	7
11	36	5
11	37	6
11	38	3
11	39	12
11	40	1
11	41	3
11	42	3
11	43	6
11	44	14
11	45	1
11	46	12
11	47	12
11	48	7
11	49	12
11	50	5
11	51	7
11	52	7
11	53	11
11	54	2
11	55	9
11	56	10
11	57	8
11	58	5
11	59	3
11	60	7
11	61	10
11	62	8
11	63	14
11	64	7
11	65	9
11	66	5
11	67	3
11	68	8
11	69	3
11	70	8
11	71	9
11	72	8
11	73	4
11	74	8
11	75	2
11	76	9
11	77	10
11	78	1
11	79	4
11	80	18
11	81	12
11	82	5
11	84	12
11	85	7
11	86	4
11	87	5
11	88	9
11	89	8
11	90	1
11	91	4
11	92	8
11	93	4
11	94	10
11	95	10
11	96	2
11	97	7
11	98	11
11	99	8
11	100	9
11	101	11
11	102	4
11	103	4
11	104	7
11	105	6
11	106	8
11	107	8
11	108	5
11	109	9
12	0	2
12	1	4
12	2	3
12	3	3
12	4	2
12	5	2
12	6	5
12	7	5
12	8	5
12	9	3
12	10	2
12	11	6
12	13	5
12	14	1
12	15	2
12	16	2
12	17	2
12	18	5
12	19	3
12	20	1
12	21	7
12	22	6
12	23	1
12	24	6
12	25	3
12	26	6
12	27	7
12	28	2
12	29	5
12	30	7
12	31	5
12	32	2
12	33	5
12	34	2
12	35	4
12	36	3
12	37	5
12	38	7
12	39	4
12	40	2
12	41	2
12	42	3
12	43	2
12	44	7
12	45	1
12	46	5
12	47	6
12	48	4
12	49	5
12	50	5
12	51	5
12	52	3
12	53	8
12	54	1
12	55	4
12	56	7
12	57	5
12	58	2
12	59	2
12	60	5
12	61	5
12	62	4
12	63	8
12	64	4
12	65	5
12	66	4
12	67	2
12	68	7
12	69	1
12	70	6
12	71	5
12	72	4
12	73	3
12	74	3
12	75	2
12	76	6
12	77	6
12	79	3
12	80	8
12	81	6
12	82	1
12	83	1
12	84	5
12	85	5
12	86	2
12	87	3
12	88	6
12	89	3
12	90	3
12	91	1
12	92	6
12	94	8
12	95	3
12	96	3
12	97	5
12	98	5
12	99	4
12	100	9
12	101	6
12	102	4
12	103	3
12	104	5
12	105	4
12	106	2
12	107	3
12	108	3
12	109	4
13	0	1
13	1	2
13	2	3
13	3	4
13	4	2
13	5	2
13	6	4
13	7	3
13	8	6
13	9	6
13	10	2
13	11	5
13	12	5
13	15	3
13	16	3
13	17	3
13	18	4
13	19	2
13	21	4
13	22	5
13	23	2
13	24	7
13	25	4
13	26	8
13	27	7
13	28	2
13	29	7
13	30	5
13	31	5
13	32	2
13	33	7
13	34	2
13	35	3
13	36	4
13	37	5
13	38	4
13	39	5
13	40	1
13	41	1
13	42	2
13	43	4
13	44	6
13	45	1
13	46	7
13	47	6
13	48	3
13	49	5
13	50	4
13	51	4
13	52	6
13	53	5
13	54	1
13	55	2
13	56	8
13	57	5
13	58	3
13	59	1
13	60	6
13	61	4
13	62	3
13	63	9
13	64	3
13	65	6
13	66	5
13	67	2
13	68	5
13	69	2
13	70	4
13	71	5
13	72	3
13	73	2
13	74	4
13	75	3
13	76	4
13	77	5
13	78	1
13	79	3
13	80	7
13	81	5
13	82	2
13	83	1
13	84	5
13	85	3
13	86	1
13	87	3
13	88	5
13	89	3
13	90	3
13	91	1
13	92	4
13	93	1
13	94	7
13	95	6
13	96	3
13	97	5
13	98	5
13	99	3
13	100	5
13	101	6
13	102	2
13	103	2
13	104	4
13	105	3
13	106	4
13	107	7
13	108	1
13	109	5
14	0	1
14	1	1
14	2	2
14	3	2
14	5	1
14	6	2
14	7	1
14	8	2
14	12	1
14	15	1
14	16	1
14	18	2
14	21	3
14	22	1
14	24	1
14	25	2
14	26	2
14	27	2
14	29	2
14	30	1
14	31	3
14	33	1
14	35	1
14	36	1
14	37	2
14	38	2
14	39	2
14	40	1
14	44	1
14	46	2
14	47	2
14	49	2
14	50	2
14	51	2
14	53	1
14	55	3
14	56	2
14	57	2
14	59	2
14	60	2
14	61	2
14	62	2
14	63	2
14	64	2
14	65	3
14	66	1
14	68	2
14	69	2
14	70	1
14	71	2
14	72	1
14	74	3
14	75	1
14	77	2
14	78	1
14	80	2
14	81	2
14	82	1
14	84	2
14	85	1
14	86	1
14	87	1
14	88	2
14	89	3
14	93	1
14	94	1
14	97	2
14	98	2
14	100	2
14	101	2
14	102	3
14	104	1
14	106	3
14	108	2
15	0	1
15	2	1
15	3	4
15	4	2
15	5	4
15	6	3
15	7	3
15	8	5
15	9	6
15	10	2
15	11	8
15	12	2
15	13	3
15	14	1
15	16	3
15	17	1
15	18	3
15	19	1
15	21	5
15	22	1
15	23	4
15	24	4
15	25	3
15	26	6
15	27	7
15	28	1
15	29	5
15	30	5
15	31	5
15	32	1
15	33	5
15	34	1
15	35	1
15	36	2
15	37	4
15	38	4
15	39	5
15	40	1
15	43	3
15	44	4
15	45	2
15	46	9
15	47	5
15	48	2
15	49	9
15	50	3
15	51	3
15	52	5
15	53	3
15	55	2
15	56	4
15	57	5
15	58	2
15	60	4
15	61	2
15	62	3
15	63	3
15	64	3
15	65	4
15	66	4
15	67	2
15	68	4
15	69	4
15	70	5
15	71	5
15	72	2
15	73	1
15	74	7
15	75	1
15	76	6
15	77	4
15	78	1
15	79	1
15	80	5
15	81	6
15	82	2
15	84	3
15	85	3
15	86	1
15	87	5
15	88	1
15	89	4
15	90	1
15	91	2
15	92	3
15	93	4
15	94	3
15	95	4
15	96	1
15	97	2
15	98	5
15	99	2
15	100	3
15	101	2
15	102	4
15	103	2
15	104	2
15	105	4
15	106	2
15	107	3
15	108	2
15	109	5
16	1	2
16	2	1
16	3	2
16	4	2
16	5	3
16	6	4
16	7	4
16	8	8
16	9	3
16	10	1
16	11	7
16	12	2
16	13	3
16	14	1
16	15	3
16	17	1
16	18	3
16	19	3
16	20	1
16	21	7
16	22	3
16	23	2
16	24	7
16	25	3
16	26	4
16	27	8
16	29	5
16	30	7
16	31	5
16	33	5
16	34	1
16	35	4
16	36	1
16	37	3
16	38	4
16	39	6
16	40	2
16	41	2
16	42	1
16	43	3
16	44	4
16	45	1
16	46	6
16	47	6
16	48	3
16	49	4
16	50	2
16	51	4
16	52	3
16	53	5
16	54	2
16	55	7
16	56	7
16	57	5
16	58	2
16	59	2
16	60	3
16	61	5
16	62	4
16	63	5
16	64	2
16	65	4
16	66	6
16	67	2
16	68	5
16	70	5
16	71	5
16	72	4
16	73	1
16	74	5
16	75	2
16	76	5
16	77	6
16	79	1
16	80	7
16	81	6
16	82	4
16	84	9
16	85	1
16	86	1
16	87	3
16	88	3
16	89	9
16	90	1
16	91	4
16	92	4
16	93	2
16	94	2
16	95	3
16	96	2
16	97	3
16	98	7
16	99	4
16	100	4
16	101	5
16	102	4
16	103	2
16	104	5
16	105	2
16	106	6
16	107	3
16	108	5
16	109	2
17	1	1
17	2	2
17	3	1
17	4	1
17	6	4
17	7	3
17	8	3
17	9	4
17	10	3
17	11	4
17	12	2
17	13	3
17	15	1
17	16	1
17	18	2
17	19	2
17	21	3
17	22	3
17	23	2
17	24	2
17	25	2
17	26	5
17	27	5
17	28	1
17	29	1
17	30	3
17	31	2
17	32	3
17	33	3
17	34	1
17	35	3
17	36	1
17	37	4
17	38	4
17	39	4
17	40	1
17	41	2
17	42	1
17	43	6
17	44	4
17	46	4
17	47	2
17	48	3
17	49	4
17	50	1
17	51	2
17	52	4
17	53	5
17	54	1
17	55	2
17	56	5
17	57	4
17	58	1
17	60	5
17	61	3
17	62	2
17	63	2
17	64	3
17	65	3
17	66	4
17	67	2
17	68	4
17	69	3
17	70	4
17	71	4
17	72	3
17	73	2
17	74	1
17	75	1
17	76	3
17	77	4
17	79	3
17	80	5
17	81	3
17	83	1
17	84	3
17	85	2
17	86	1
17	87	3
17	88	3
17	89	2
17	90	2
17	92	1
17	93	1
17	94	2
17	95	3
17	96	2
17	97	3
17	98	2
17	99	1
17	100	3
17	101	2
17	102	1
17	103	2
17	104	2
17	105	2
17	106	1
17	107	3
17	109	5
18	0	5
18	1	4
18	2	3
18	3	10
18	4	1
18	5	2
18	6	4
18	7	4
18	8	7
18	9	4
18	10	1
18	11	8
18	12	5
18	13	4
18	14	2
18	15	3
18	16	3
18	17	2
18	19	3
18	20	1
18	21	5
18	22	4
18	23	2
18	24	6
18	25	6
18	26	10
18	27	10
18	28	2
18	29	9
18	30	5
18	31	9
18	32	1
18	33	6
18	35	7
18	36	2
18	37	4
18	38	3
18	39	11
18	40	4
18	41	3
18	42	2
18	43	4
18	44	9
18	45	1
18	46	8
18	47	7
18	48	3
18	49	3
18	50	3
18	51	7
18	52	4
18	53	5
18	54	1
18	55	8
18	56	9
18	57	5
18	58	3
18	59	2
18	60	4
18	61	8
18	62	4
18	63	9
18	64	6
18	65	5
18	66	4
18	68	6
18	69	3
18	70	3
18	71	6
18	72	7
18	73	2
18	74	8
18	75	3
18	76	5
18	77	6
18	78	1
18	79	2
18	80	12
18	81	10
18	82	4
18	84	7
18	85	2
18	86	4
18	87	3
18	88	7
18	89	7
18	90	1
18	92	3
18	93	1
18	94	6
18	95	3
18	96	3
18	97	4
18	98	8
18	99	3
18	100	6
18	101	5
18	102	5
18	103	3
18	104	8
18	105	1
18	106	7
18	107	4
18	108	3
18	109	7
19	1	2
19	3	1
19	4	1
19	5	2
19	6	2
19	7	2
19	8	4
19	9	1
19	10	1
19	11	3
19	12	3
19	13	2
19	15	1
19	16	3
19	17	2
19	18	3
19	20	1
19	21	3
19	22	2
19	23	1
19	24	3
19	25	1
19	26	3
19	27	4
19	28	1
19	29	2
19	30	4
19	31	2
19	33	3
19	35	3
19	37	3
19	38	2
19	39	4
19	40	2
19	41	2
19	42	1
19	43	1
19	44	4
19	45	1
19	46	1
19	47	3
19	48	4
19	49	1
19	50	1
19	51	3
19	52	1
19	53	4
19	54	1
19	55	3
19	56	4
19	57	3
19	58	1
19	60	3
19	61	1
19	62	3
19	63	3
19	64	1
19	65	3
19	66	3
19	67	1
19	68	3
19	70	3
19	71	2
19	72	2
19	73	1
19	74	1
19	76	4
19	77	2
19	79	1
19	80	4
19	81	4
19	82	1
19	84	3
19	85	1
19	86	1
19	87	3
19	88	3
19	89	3
19	90	2
19	91	1
19	92	2
19	94	3
19	95	2
19	96	2
19	97	3
19	98	2
19	99	2
19	100	3
19	101	2
19	102	1
19	103	1
19	104	2
19	105	1
19	106	1
19	107	1
19	108	2
19	109	2
20	1	1
20	2	1
20	5	1
20	6	1
20	7	1
20	10	1
20	11	2
20	12	1
20	16	1
20	18	1
20	19	1
20	21	1
20	22	1
20	24	1
20	25	1
20	27	2
20	29	2
20	30	1
20	31	1
20	32	2
20	35	3
20	39	3
20	40	1
20	41	1
20	42	1
20	44	3
20	46	2
20	47	1
20	48	1
20	49	1
20	50	1
20	51	1
20	53	2
20	54	1
20	55	1
20	56	1
20	57	1
20	62	1
20	63	1
20	64	1
20	68	1
20	70	2
20	71	1
20	72	1
20	73	1
20	74	1
20	76	3
20	79	1
20	80	1
20	81	3
20	82	1
20	84	2
20	86	1
20	88	2
20	89	1
20	92	2
20	93	1
20	94	2
20	96	1
20	97	2
20	98	1
20	99	2
20	100	2
20	103	1
20	104	3
20	105	1
20	106	1
20	108	2
20	109	3
21	0	3
21	1	4
21	2	6
21	3	8
21	4	3
21	5	6
21	6	6
21	7	6
21	8	9
21	9	4
21	10	2
21	11	10
21	12	7
21	13	4
21	14	3
21	15	5
21	16	7
21	17	3
21	18	5
21	19	3
21	20	1
21	22	5
21	23	3
21	24	8
21	25	6
21	26	13
21	27	13
21	28	1
21	29	10
21	30	7
21	31	8
21	32	1
21	33	8
21	34	2
21	35	6
21	36	2
21	37	6
21	38	10
21	39	10
21	40	3
21	41	2
21	42	2
21	43	4
21	44	8
21	45	1
21	46	10
21	47	6
21	48	7
21	49	12
21	50	3
21	51	6
21	52	7
21	53	9
21	54	2
21	55	8
21	56	11
21	57	7
21	58	2
21	59	4
21	60	9
21	61	7
21	62	7
21	63	9
21	64	7
21	65	9
21	66	9
21	67	5
21	68	11
21	69	6
21	70	6
21	71	11
21	72	6
21	73	1
21	74	10
21	75	2
21	76	10
21	77	11
21	78	2
21	79	2
21	80	9
21	81	13
21	82	6
21	84	9
21	85	4
21	86	3
21	87	5
21	88	7
21	89	12
21	90	2
21	91	3
21	92	8
21	93	4
21	94	7
21	95	7
21	96	5
21	97	6
21	98	13
21	99	6
21	100	7
21	101	7
21	102	8
21	103	4
21	104	5
21	105	4
21	106	7
21	107	7
21	108	5
21	109	5
22	0	3
22	1	5
22	2	7
22	3	6
22	4	5
22	5	2
22	6	9
22	7	7
22	8	13
22	9	2
22	10	3
22	11	11
22	12	6
22	13	5
22	14	1
22	15	1
22	16	3
22	17	3
22	18	4
22	19	2
22	20	1
22	21	5
22	23	2
22	24	8
22	25	12
22	26	8
22	27	14
22	28	3
22	29	9
22	30	10
22	31	8
22	32	4
22	33	9
22	34	1
22	35	6
22	36	5
22	37	9
22	38	6
22	39	10
22	40	2
22	41	1
22	42	1
22	43	3
22	44	11
22	45	1
22	46	11
22	47	10
22	48	6
22	49	13
22	50	6
22	51	4
22	52	13
22	53	14
22	55	8
22	56	11
22	57	9
22	58	1
22	59	6
22	60	8
22	61	8
22	62	10
22	63	14
22	64	7
22	65	10
22	66	8
22	67	2
22	68	11
22	69	5
22	70	10
22	71	13
22	72	5
22	73	4
22	74	10
22	75	2
22	76	9
22	77	12
22	78	3
22	79	4
22	80	15
22	81	8
22	82	3
22	83	1
22	84	12
22	85	8
22	86	2
22	87	4
22	88	11
22	89	9
22	90	4
22	91	3
22	92	9
22	93	5
22	94	13
22	95	6
22	96	6
22	97	6
22	98	15
22	99	8
22	100	15
22	101	14
22	102	7
22	103	4
22	104	10
22	105	3
22	106	5
22	107	9
22	108	5
22	109	8
23	0	1
23	2	1
23	3	2
23	5	1
23	6	1
23	7	3
23	8	4
23	9	3
23	10	2
23	11	3
23	12	1
23	13	2
23	15	4
23	16	2
23	17	2
23	18	2
23	19	1
23	21	3
23	22	2
23	24	3
23	26	5
23	27	4
23	28	1
23	29	3
23	30	5
23	31	8
23	33	3
23	34	1
23	35	1
23	37	2
23	38	3
23	39	2
23	40	2
23	43	1
23	44	6
23	45	2
23	46	5
23	47	1
23	48	1
23	49	4
23	50	2
23	51	1
23	52	2
23	56	4
23	57	2
23	58	1
23	60	2
23	62	4
23	63	2
23	64	1
23	65	2
23	66	2
23	68	3
23	69	1
23	70	5
23	71	3
23	72	2
23	74	1
23	75	1
23	76	2
23	77	2
23	79	1
23	80	3
23	81	1
23	82	1
23	84	2
23	87	1
23	88	2
23	89	2
23	90	1
23	91	1
23	92	1
23	93	3
23	94	1
23	95	1
23	96	1
23	97	3
23	98	3
23	100	1
23	101	2
23	102	2
23	103	1
23	104	1
23	105	1
23	106	2
23	107	2
23	109	4
24	0	3
24	1	3
24	2	7
24	3	8
24	4	4
24	5	5
24	6	8
24	7	5
24	8	10
24	9	4
24	10	4
24	11	10
24	12	6
24	13	7
24	14	1
24	15	4
24	16	7
24	17	2
24	18	6
24	19	3
24	20	1
24	21	8
24	22	8
24	23	3
24	25	7
24	26	10
24	27	15
24	28	3
24	29	7
24	30	8
24	31	10
24	32	2
24	33	8
24	34	2
24	35	9
24	36	5
24	37	6
24	38	8
24	39	11
24	40	3
24	41	2
24	42	1
24	43	4
24	44	10
24	45	1
24	46	12
24	47	9
24	48	6
24	49	8
24	50	4
24	51	4
24	52	7
24	53	7
24	54	1
24	55	7
24	56	12
24	57	9
24	58	2
24	59	5
24	60	9
24	61	8
24	62	5
24	63	13
24	64	10
24	65	14
24	66	10
24	67	3
24	68	11
24	69	4
24	70	9
24	71	10
24	72	7
24	73	3
24	74	9
24	75	5
24	76	9
24	77	12
24	78	1
24	79	3
24	80	14
24	81	9
24	82	5
24	83	1
24	84	10
24	85	7
24	86	3
24	87	4
24	88	9
24	89	10
24	90	5
24	91	5
24	92	6
24	93	3
24	94	9
24	95	4
24	96	6
24	97	11
24	98	14
24	99	8
24	100	8
24	101	12
24	102	8
24	103	5
24	104	9
24	105	4
24	106	8
24	107	8
24	108	4
24	109	6
25	0	3
25	1	2
25	2	9
25	3	4
25	4	4
25	5	1
25	6	8
25	7	3
25	8	9
25	9	3
25	10	1
25	11	9
25	12	3
25	13	4
25	14	2
25	15	3
25	16	3
25	17	2
25	18	6
25	19	1
25	20	1
25	21	6
25	22	12
25	24	7
25	26	9
25	27	11
25	28	2
25	29	8
25	30	4
25	31	8
25	32	2
25	33	7
25	34	1
25	35	8
25	36	6
25	37	5
25	38	2
25	39	8
25	40	1
25	41	2
25	43	3
25	44	10
25	46	12
25	47	8
25	48	3
25	49	11
25	50	5
25	51	6
25	52	6
25	53	11
25	54	1
25	55	8
25	56	10
25	57	10
25	58	3
25	59	4
25	60	8
25	61	7
25	62	6
25	63	11
25	64	8
25	65	8
25	66	9
25	68	10
25	69	5
25	70	3
25	71	11
25	72	8
25	73	3
25	74	12
25	75	3
25	76	9
25	77	9
25	78	3
25	79	3
25	80	13
25	81	10
25	82	3
25	83	1
25	84	9
25	85	4
25	86	3
25	87	6
25	88	6
25	89	10
25	90	2
25	91	1
25	92	6
25	93	3
25	94	10
25	95	5
25	96	2
25	97	4
25	98	12
25	99	5
25	100	9
25	101	9
25	102	5
25	103	4
25	104	9
25	105	3
25	106	6
25	107	5
25	108	4
25	109	6
26	0	4
26	1	4
26	2	8
26	3	10
26	4	4
26	5	5
26	6	9
26	7	6
26	8	13
26	9	8
26	10	3
26	11	10
26	12	6
26	13	8
26	14	2
26	15	6
26	16	4
26	17	5
26	18	10
26	19	3
26	21	13
26	22	8
26	23	5
26	24	10
26	25	9
26	27	15
26	28	3
26	29	10
26	30	8
26	31	13
26	32	3
26	33	10
26	34	2
26	35	6
26	36	5
26	37	10
26	38	9
26	39	11
26	40	3
26	41	2
26	42	1
26	43	8
26	44	13
26	45	2
26	46	14
26	47	9
26	48	7
26	49	14
26	50	5
26	51	8
26	52	14
26	53	8
26	54	1
26	55	12
26	56	16
26	57	8
26	58	3
26	59	3
26	60	10
26	61	7
26	62	9
26	63	10
26	64	10
26	65	10
26	66	11
26	67	5
26	68	16
26	69	7
26	70	7
26	71	10
26	72	11
26	73	3
26	74	11
26	75	3
26	76	11
26	77	11
26	78	3
26	79	4
26	80	13
26	81	15
26	82	4
26	83	1
26	84	12
26	85	8
26	86	3
26	87	7
26	88	11
26	89	10
26	90	5
26	91	3
26	92	8
26	93	3
26	94	12
26	95	9
26	96	5
26	97	9
26	98	13
26	99	8
26	100	7
26	101	9
26	102	7
26	103	5
26	104	9
26	105	4
26	106	10
26	107	11
26	108	2
26	109	14
27	0	6
27	1	6
27	2	12
27	3	13
27	4	7
27	5	9
27	6	9
27	7	9
27	8	12
27	9	8
27	10	5
27	11	20
27	12	7
27	13	7
27	14	2
27	15	7
27	16	8
27	17	5
27	18	10
27	19	4
27	20	2
27	21	13
27	22	14
27	23	4
27	24	15
27	25	11
27	26	15
27	28	3
27	29	12
27	30	16
27	31	13
27	32	4
27	33	10
27	34	2
27	35	8
27	36	4
27	37	12
27	38	8
27	39	16
27	40	5
27	41	4
27	42	3
27	43	7
27	44	20
27	45	2
27	46	16
27	47	12
27	48	11
27	49	16
27	50	10
27	51	12
27	52	11
27	53	12
27	54	3
27	55	14
27	56	13
27	57	10
27	58	8
27	59	3
27	60	13
27	61	11
27	62	10
27	63	17
27	64	11
27	65	13
27	66	11
27	67	6
27	68	13
27	69	7
27	70	9
27	71	14
27	72	11
27	73	4
27	74	13
27	75	5
27	76	13
27	77	13
27	78	2
27	79	5
27	80	19
27	81	15
27	82	6
27	83	1
27	84	15
27	85	8
27	86	6
27	87	6
27	88	11
27	89	11
27	90	4
27	91	3
27	92	12
27	93	7
27	94	20
27	95	10
27	96	9
27	97	15
27	98	18
27	99	12
27	100	15
27	101	17
27	102	8
27	103	6
27	104	11
27	105	6
27	106	9
27	107	13
27	108	4
27	109	14
28	0	2
28	1	1
28	2	2
28	3	3
28	4	2
28	5	1
28	6	3
28	8	4
28	9	1
28	10	2
28	11	1
28	12	2
28	13	2
28	15	1
28	17	1
28	18	2
28	19	1
28	21	1
28	22	3
28	23	1
28	24	3
28	25	2
28	26	3
28	27	3
28	29	1
28	30	2
28	31	4
28	32	1
28	33	2
28	34	1
28	35	2
28	36	1
28	37	2
28	38	2
28	39	4
28	40	2
28	43	2
28	44	4
28	46	3
28	47	2
28	48	3
28	49	3
28	50	1
28	51	3
28	52	1
28	53	5
28	55	1
28	56	3
28	57	4
28	58	1
28	59	4
28	60	5
28	61	3
28	62	1
28	63	4
28	64	3
28	65	4
28	66	5
28	67	1
28	68	3
28	69	1
28	70	4
28	71	3
28	72	2
28	73	2
28	74	5
28	75	1
28	76	3
28	77	3
28	79	2
28	80	3
28	81	2
28	82	1
28	84	2
28	85	2
28	87	1
28	88	4
28	90	2
28	91	2
28	92	1
28	94	4
28	95	2
28	96	2
28	97	2
28	98	4
28	99	2
28	100	4
28	101	2
28	102	3
28	103	2
28	104	2
28	105	1
28	106	2
28	107	2
28	109	2
29	0	2
29	1	4
29	2	7
29	3	5
29	4	2
29	5	4
29	6	8
29	7	6
29	8	6
29	9	5
29	11	12
29	12	5
29	13	7
29	14	2
29	15	5
29	16	5
29	17	1
29	18	9
29	19	2
29	20	2
29	21	10
29	22	9
29	23	3
29	24	7
29	25	8
29	26	10
29	27	12
29	28	1
29	30	6
29	31	7
29	33	10
29	34	1
29	35	6
29	36	6
29	37	3
29	38	4
29	39	10
29	40	2
29	41	2
29	42	4
29	43	4
29	44	12
29	45	2
29	46	12
29	47	9
29	48	6
29	49	13
29	50	4
29	51	8
29	52	7
29	53	10
29	54	3
29	55	5
29	56	9
29	57	5
29	58	6
29	59	3
29	60	8
29	61	6
29	62	5
29	63	11
29	64	6
29	65	8
29	66	6
29	67	3
29	68	7
29	69	7
29	70	6
29	71	11
29	72	5
29	73	2
29	74	10
29	75	3
29	76	7
29	77	6
29	78	3
29	79	3
29	80	10
29	81	8
29	82	4
29	84	10
29	85	3
29	86	5
29	87	7
29	88	11
29	89	9
29	90	1
29	91	2
29	92	7
29	93	7
29	94	9
29	95	6
29	96	4
29	97	7
29	98	13
29	99	6
29	100	9
29	101	8
29	102	5
29	103	2
29	104	7
29	105	4
29	106	6
29	107	9
29	108	8
29	109	9
30	0	1
30	1	6
30	2	3
30	3	5
30	4	4
30	5	6
30	6	4
30	7	7
30	8	9
30	9	7
30	10	4
30	11	16
30	12	7
30	13	5
30	14	1
30	15	5
30	16	7
30	17	3
30	18	5
30	19	4
30	20	1
30	21	7
30	22	10
30	23	5
30	24	8
30	25	4
30	26	8
30	27	16
30	28	2
30	29	6
30	31	8
30	32	2
30	33	9
30	34	2
30	35	6
30	36	2
30	37	8
30	38	7
30	39	8
30	40	4
30	41	3
30	42	3
30	43	6
30	44	11
30	45	1
30	46	11
30	47	10
30	48	7
30	49	10
30	50	5
30	51	2
30	52	7
30	53	8
30	54	2
30	55	10
30	56	10
30	57	8
30	58	1
30	59	2
30	60	8
30	61	9
30	62	6
30	63	11
30	64	6
30	65	10
30	66	7
30	67	4
30	68	8
30	69	1
30	70	8
30	71	7
30	72	4
30	73	2
30	74	7
30	75	1
30	76	10
30	77	8
30	79	3
30	80	14
30	81	9
30	82	4
30	83	1
30	84	10
30	85	4
30	86	3
30	87	5
30	88	7
30	89	10
30	90	4
30	91	3
30	92	8
30	93	3
30	94	10
30	95	8
30	96	4
30	97	7
30	98	11
30	99	6
30	100	9
30	101	10
30	102	5
30	103	4
30	104	7
30	105	3
30	106	5
30	107	5
30	108	4
30	109	6
31	0	4
31	1	1
31	2	7
31	3	8
31	4	4
31	5	3
31	6	6
31	7	6
31	8	10
31	9	4
31	10	3
31	11	9
31	12	5
31	13	5
31	14	3
31	15	5
31	16	5
31	17	2
31	18	9
31	19	2
31	20	1
31	21	8
31	22	8
31	23	8
31	24	10
31	25	8
31	26	13
31	27	13
31	28	4
31	29	7
31	30	8
31	32	2
31	33	6
31	34	2
31	35	5
31	36	2
31	37	6
31	38	7
31	39	12
31	40	2
31	41	1
31	43	2
31	44	12
31	45	3
31	46	14
31	47	9
31	48	4
31	49	11
31	50	7
31	51	6
31	52	6
31	53	6
31	55	10
31	56	12
31	57	7
31	58	2
31	59	4
31	60	8
31	61	6
31	62	9
31	63	11
31	64	7
31	65	9
31	66	7
31	67	1
31	68	10
31	69	5
31	70	5
31	71	8
31	72	8
31	73	1
31	74	9
31	75	3
31	76	8
31	77	11
31	78	1
31	79	2
31	80	11
31	81	7
31	82	4
31	83	1
31	84	7
31	85	5
31	86	2
31	87	4
31	88	9
31	89	10
31	90	3
31	91	5
31	92	6
31	93	5
31	94	9
31	95	5
31	96	5
31	97	6
31	98	10
31	99	4
31	100	7
31	101	9
31	102	6
31	103	3
31	104	6
31	105	3
31	106	8
31	107	8
31	108	3
31	109	9
32	0	2
32	1	2
32	2	2
32	3	1
32	4	2
32	5	1
32	6	4
32	7	2
32	8	3
32	9	3
32	10	4
32	11	2
32	12	2
32	13	2
32	15	1
32	17	3
32	18	1
32	20	2
32	21	1
32	22	4
32	24	2
32	25	2
32	26	3
32	27	4
32	28	1
32	30	2
32	31	2
32	34	1
32	35	3
32	36	1
32	37	3
32	38	3
32	39	4
32	40	1
32	41	1
32	43	4
32	44	3
32	46	5
32	47	2
32	48	1
32	49	5
32	50	1
32	51	1
32	52	4
32	53	4
32	55	3
32	56	2
32	57	5
32	59	1
32	60	3
32	61	3
32	62	1
32	63	3
32	64	3
32	65	3
32	66	3
32	67	2
32	68	4
32	69	4
32	70	4
32	71	4
32	72	3
32	73	2
32	74	4
32	75	1
32	76	4
32	77	4
32	79	2
32	80	6
32	81	5
32	82	2
32	83	1
32	84	3
32	85	3
32	87	2
32	88	2
32	89	1
32	90	2
32	92	2
32	93	1
32	94	3
32	95	2
32	96	2
32	97	2
32	98	2
32	99	2
32	100	4
32	101	3
32	102	1
32	103	2
32	104	2
32	105	1
32	106	3
32	107	5
32	109	4
33	0	2
33	1	4
33	2	4
33	3	4
33	4	3
33	5	1
33	6	5
33	7	4
33	8	8
33	9	7
33	10	2
33	11	10
33	12	5
33	13	7
33	14	1
33	15	5
33	16	5
33	17	3
33	18	6
33	19	3
33	21	8
33	22	9
33	23	3
33	24	8
33	25	7
33	26	10
33	27	10
33	28	2
33	29	10
33	30	9
33	31	6
33	35	6
33	36	6
33	37	5
33	38	6
33	39	7
33	40	1
33	41	1
33	42	2
33	43	5
33	44	7
33	45	1
33	46	10
33	47	10
33	48	6
33	49	9
33	50	6
33	51	5
33	52	7
33	53	8
33	54	1
33	55	3
33	56	12
33	57	6
33	58	3
33	59	3
33	60	8
33	61	6
33	62	9
33	63	8
33	64	4
33	65	7
33	66	6
33	67	2
33	68	10
33	69	2
33	70	6
33	71	10
33	72	4
33	73	1
33	74	7
33	75	3
33	76	8
33	77	7
33	78	2
33	79	3
33	80	9
33	81	11
33	82	1
33	84	8
33	85	3
33	86	1
33	87	4
33	88	6
33	89	6
33	90	2
33	91	3
33	92	4
33	93	2
33	94	8
33	95	7
33	96	3
33	97	5
33	98	11
33	99	4
33	100	7
33	101	8
33	102	5
33	103	2
33	104	5
33	105	4
33	106	5
33	107	6
33	108	4
33	109	7
34	2	1
34	3	1
34	4	1
34	5	1
34	6	1
34	8	2
34	9	2
34	10	1
34	11	1
34	12	2
34	13	2
34	15	1
34	16	1
34	17	1
34	21	2
34	22	1
34	23	1
34	24	2
34	25	1
34	26	2
34	27	2
34	28	1
34	29	1
34	30	2
34	31	2
34	32	1
34	35	1
34	36	1
34	37	2
34	38	1
34	39	2
34	41	1
34	43	1
34	44	3
34	46	2
34	47	3
34	49	2
34	50	1
34	52	2
34	53	1
34	55	1
34	56	2
34	57	2
34	60	1
34	61	1
34	63	2
34	64	1
34	65	2
34	66	2
34	67	1
34	68	2
34	70	1
34	71	2
34	72	1
34	73	1
34	74	1
34	75	1
34	76	1
34	77	1
34	79	1
34	80	2
34	81	1
34	82	1
34	83	1
34	84	2
34	85	1
34	87	1
34	88	1
34	89	1
34	90	2
34	92	2
34	93	1
34	94	2
34	95	1
34	96	1
34	97	2
34	98	2
34	100	2
34	101	2
34	102	2
34	103	1
34	104	1
34	106	1
34	107	2
34	109	1
35	0	2
35	1	2
35	2	4
35	3	4
35	4	2
35	5	2
35	6	5
35	7	3
35	8	10
35	9	3
35	10	3
35	11	7
35	12	4
35	13	3
35	14	1
35	15	1
35	16	4
35	17	3
35	18	7
35	19	3
35	20	3
35	21	6
35	22	6
35	23	1
35	24	9
35	25	8
35	26	6
35	27	8
35	28	2
35	29	6
35	30	6
35	31	5
35	32	3
35	33	6
35	34	1
35	36	4
35	37	4
35	38	3
35	39	6
35	40	2
35	41	3
35	42	1
35	43	3
35	44	9
35	46	8
35	47	6
35	48	4
35	49	5
35	50	2
35	51	4
35	52	2
35	53	7
35	54	1
35	55	6
35	56	8
35	57	7
35	58	1
35	59	2
35	60	8
35	61	9
35	62	5
35	63	10
35	64	9
35	65	5
35	66	9
35	68	8
35	69	1
35	70	9
35	71	9
35	72	6
35	73	3
35	74	5
35	75	4
35	76	9
35	77	6
35	78	1
35	79	3
35	80	10
35	81	8
35	82	4
35	83	1
35	84	8
35	85	3
35	86	1
35	87	5
35	88	6
35	89	7
35	90	2
35	91	2
35	92	4
35	93	3
35	94	5
35	95	4
35	96	4
35	97	3
35	98	8
35	99	4
35	100	8
35	101	6
35	102	3
35	103	4
35	104	9
35	105	1
35	106	7
35	107	4
35	108	4
35	109	5
36	0	2
36	1	2
36	2	5
36	3	2
36	4	4
36	6	5
36	7	2
36	8	6
36	9	4
36	10	1
36	11	5
36	12	3
36	13	4
36	14	1
36	15	2
36	16	1
36	17	1
36	18	2
36	21	2
36	22	5
36	24	5
36	25	6
36	26	5
36	27	4
36	28	1
36	29	6
36	30	2
36	31	2
36	32	1
36	33	6
36	34	1
36	35	4
36	37	5
36	38	2
36	39	3
36	41	1
36	42	1
36	43	2
36	44	4
36	46	6
36	47	5
36	48	1
36	49	6
36	50	3
36	51	1
36	52	4
36	53	4
36	55	2
36	56	6
36	57	3
36	58	2
36	59	3
36	60	5
36	61	5
36	62	4
36	63	6
36	64	5
36	65	3
36	66	4
36	67	1
36	68	4
36	69	1
36	70	3
36	71	4
36	72	6
36	73	2
36	74	4
36	75	3
36	76	5
36	77	4
36	78	2
36	79	2
36	80	6
36	81	5
36	83	1
36	84	4
36	85	4
36	87	3
36	88	5
36	89	3
36	90	1
36	91	1
36	92	3
36	93	2
36	94	6
36	95	2
36	96	2
36	97	2
36	98	5
36	99	3
36	100	5
36	101	5
36	102	4
36	103	2
36	104	3
36	105	1
36	106	3
36	107	4
36	108	1
36	109	3
37	0	2
37	1	4
37	2	6
37	3	5
37	4	3
37	5	4
37	6	7
37	7	6
37	8	10
37	9	5
37	10	4
37	11	6
37	12	5
37	13	5
37	14	2
37	15	4
37	16	3
37	17	4
37	18	4
37	19	3
37	21	6
37	22	9
37	23	2
37	24	6
37	25	5
37	26	10
37	27	12
37	28	2
37	29	3
37	30	8
37	31	6
37	32	3
37	33	5
37	34	2
37	35	4
37	36	5
37	38	6
37	39	10
37	40	2
37	41	2
37	43	5
37	44	8
37	45	1
37	46	9
37	47	9
37	48	4
37	49	8
37	50	5
37	51	3
37	52	10
37	53	10
37	55	6
37	56	10
37	57	8
37	58	1
37	59	2
37	60	7
37	61	6
37	62	6
37	63	12
37	64	6
37	65	9
37	66	8
37	67	3
37	68	9
37	69	3
37	70	8
37	71	6
37	72	3
37	73	1
37	74	6
37	75	1
37	76	6
37	77	7
37	78	3
37	79	1
37	80	11
37	81	8
37	82	2
37	83	1
37	84	8
37	85	9
37	86	1
37	87	4
37	88	5
37	89	5
37	90	4
37	91	1
37	92	5
37	93	2
37	94	8
37	95	6
37	96	5
37	97	7
37	98	8
37	99	6
37	100	8
37	101	9
37	102	4
37	103	1
37	104	5
37	105	4
37	106	5
37	107	7
37	108	1
37	109	7
38	0	3
38	1	3
38	2	4
38	3	6
38	4	3
38	5	4
38	6	7
38	7	4
38	8	7
38	9	3
38	10	5
38	11	3
38	12	7
38	13	4
38	14	2
38	15	4
38	16	4
38	17	4
38	18	3
38	19	2
38	21	10
38	22	6
38	23	3
38	24	8
38	25	2
38	26	9
38	27	8
38	28	2
38	29	4
38	30	7
38	31	7
38	32	3
38	33	6
38	34	1
38	35	3
38	36	2
38	37	6
38	39	9
38	40	2
38	41	1
38	43	7
38	44	8
38	45	1
38	46	9
38	47	7
38	48	4
38	49	10
38	50	5
38	51	4
38	52	5
38	53	7
38	55	4
38	56	7
38	57	7
38	58	1
38	59	3
38	60	9
38	61	6
38	62	8
38	63	7
38	64	7
38	65	9
38	66	7
38	67	5
38	68	9
38	69	4
38	70	11
38	71	9
38	72	4
38	73	1
38	74	7
38	75	3
38	76	9
38	77	11
38	79	1
38	80	8
38	81	8
38	82	2
38	83	1
38	84	5
38	85	7
38	87	3
38	88	6
38	89	9
38	90	5
38	91	3
38	92	7
38	93	3
38	94	8
38	95	4
38	96	7
38	97	5
38	98	10
38	99	4
38	100	8
38	101	7
38	102	5
38	103	2
38	104	5
38	105	4
38	106	5
38	107	4
38	108	3
38	109	5
39	0	5
39	1	7
39	2	9
39	3	8
39	4	4
39	5	4
39	6	8
39	7	5
39	8	11
39	9	5
39	10	4
39	11	12
39	12	4
39	13	5
39	14	2
39	15	5
39	16	6
39	17	4
39	18	11
39	19	4
39	20	3
39	21	10
39	22	10
39	23	2
39	24	11
39	25	8
39	26	11
39	27	16
39	28	4
39	29	10
39	30	8
39	31	12
39	32	4
39	33	7
39	34	2
39	35	6
39	36	3
39	37	10
39	38	9
39	40	2
39	41	3
39	43	7
39	44	16
39	45	1
39	46	15
39	47	12
39	48	5
39	49	13
39	50	4
39	51	8
39	52	8
39	53	12
39	55	10
39	56	11
39	57	11
39	58	2
39	59	6
39	60	13
39	61	14
39	62	8
39	63	15
39	64	11
39	65	14
39	66	10
39	67	5
39	68	13
39	69	5
39	70	8
39	71	10
39	72	6
39	73	2
39	74	13
39	75	5
39	76	6
39	77	11
39	78	2
39	79	2
39	80	17
39	81	10
39	82	5
39	83	1
39	84	13
39	85	7
39	86	2
39	87	6
39	88	13
39	89	11
39	90	4
39	91	3
39	92	6
39	93	5
39	94	12
39	95	7
39	96	5
39	97	11
39	98	17
39	99	6
39	100	13
39	101	11
39	102	7
39	103	2
39	104	11
39	105	3
39	106	10
39	107	9
39	108	4
39	109	13
40	0	2
40	1	2
40	2	2
40	3	4
40	4	1
40	5	4
40	6	2
40	7	1
40	8	3
40	10	2
40	11	1
40	12	2
40	13	1
40	14	1
40	15	1
40	16	2
40	17	1
40	18	4
40	19	2
40	20	1
40	21	3
40	22	2
40	23	2
40	24	3
40	25	1
40	26	3
40	27	5
40	28	2
40	29	2
40	30	4
40	31	2
40	32	1
40	33	1
40	35	2
40	37	2
40	38	2
40	39	2
40	41	1
40	42	1
40	43	2
40	44	6
40	45	1
40	46	2
40	48	3
40	49	1
40	50	2
40	51	4
40	52	1
40	53	3
40	54	2
40	55	3
40	56	3
40	57	4
40	58	2
40	59	1
40	60	3
40	61	3
40	62	1
40	63	4
40	64	4
40	65	2
40	66	4
40	67	2
40	68	2
40	69	2
40	70	3
40	71	3
40	72	1
40	73	1
40	74	2
40	75	1
40	76	3
40	77	2
40	78	1
40	79	1
40	80	3
40	81	5
40	82	3
40	84	3
40	85	1
40	86	4
40	87	3
40	88	4
40	89	3
40	90	3
40	91	1
40	92	1
40	93	2
40	94	2
40	95	2
40	96	3
40	97	3
40	98	2
40	99	3
40	100	4
40	101	2
40	102	4
40	103	2
40	104	3
40	106	1
40	107	1
40	108	2
40	109	3
41	1	2
41	2	1
41	4	1
41	5	1
41	6	2
41	7	1
41	8	2
41	9	2
41	10	1
41	11	3
41	12	2
41	13	1
41	16	2
41	17	2
41	18	3
41	19	2
41	20	1
41	21	2
41	22	1
41	24	2
41	25	2
41	26	2
41	27	4
41	29	2
41	30	3
41	31	1
41	32	1
41	33	1
41	34	1
41	35	3
41	36	1
41	37	2
41	38	1
41	39	3
41	40	1
41	42	1
41	43	2
41	44	3
41	46	1
41	47	2
41	48	2
41	49	1
41	50	1
41	52	1
41	53	3
41	54	1
41	55	3
41	56	3
41	57	2
41	58	1
41	60	1
41	61	3
41	62	1
41	63	3
41	64	1
41	65	2
41	66	2
41	68	2
41	70	2
41	71	1
41	72	3
41	73	2
41	75	1
41	76	3
41	77	1
41	79	2
41	80	3
41	81	2
41	82	1
41	83	1
41	84	3
41	85	1
41	86	2
41	87	2
41	88	3
41	89	2
41	90	1
41	92	2
41	94	1
41	95	1
41	96	2
41	97	2
41	98	3
41	99	1
41	100	2
41	101	1
41	103	2
41	104	2
41	106	1
41	107	1
41	108	1
41	109	1
42	1	2
42	2	1
42	5	1
42	6	1
42	7	2
42	9	3
42	11	3
42	12	3
42	13	2
42	16	1
42	17	1
42	18	2
42	19	1
42	20	1
42	21	2
42	22	1
42	24	1
42	26	1
42	27	3
42	29	4
42	30	3
42	33	2
42	35	1
42	36	1
42	40	1
42	41	1
42	43	1
42	44	3
42	46	2
42	48	3
42	49	1
42	51	1
42	52	2
42	53	2
42	54	2
42	55	1
42	56	2
42	58	1
42	59	1
42	60	2
42	61	1
42	63	2
42	65	1
42	67	1
42	69	1
42	70	1
42	72	2
42	73	1
42	76	1
42	77	1
42	79	2
42	80	2
42	81	3
42	82	1
42	84	4
42	86	3
42	88	3
42	89	1
42	92	2
42	94	2
42	95	1
42	96	1
42	97	2
42	98	1
42	99	1
42	100	2
42	101	1
42	103	1
42	104	1
42	105	1
42	108	1
42	109	1
43	0	2
43	1	3
43	2	3
43	3	3
43	4	2
43	5	1
43	6	7
43	7	3
43	8	6
43	9	6
43	10	3
43	11	6
43	12	2
43	13	4
43	15	3
43	16	3
43	17	6
43	18	4
43	19	1
43	21	4
43	22	3
43	23	1
43	24	4
43	25	3
43	26	8
43	27	7
43	28	2
43	29	4
43	30	6
43	31	2
43	32	4
43	33	5
43	34	1
43	35	3
43	36	2
43	37	5
43	38	7
43	39	7
43	40	2
43	41	2
43	42	1
43	44	5
43	46	9
43	47	6
43	48	4
43	49	6
43	50	2
43	51	2
43	52	5
43	53	8
43	54	2
43	55	3
43	56	8
43	57	6
43	58	2
43	59	1
43	60	8
43	61	7
43	62	1
43	63	3
43	64	4
43	65	5
43	66	7
43	67	4
43	68	6
43	69	3
43	70	6
43	71	8
43	72	5
43	73	3
43	74	5
43	75	3
43	76	4
43	77	8
43	79	4
43	80	7
43	81	9
43	82	2
43	83	1
43	84	6
43	85	4
43	86	2
43	87	6
43	88	4
43	89	5
43	90	2
43	91	1
43	92	1
43	93	2
43	94	4
43	95	4
43	96	3
43	97	3
43	98	7
43	99	4
43	100	5
43	101	2
43	102	3
43	103	3
43	104	6
43	105	3
43	106	5
43	107	5
43	109	6
44	0	5
44	1	3
44	2	8
44	3	13
44	4	4
44	5	5
44	6	10
44	7	7
44	8	15
44	9	5
44	10	4
44	11	14
44	12	7
44	13	6
44	14	1
44	15	4
44	16	4
44	17	4
44	18	9
44	19	4
44	20	3
44	21	8
44	22	11
44	23	6
44	24	10
44	25	10
44	26	13
44	27	20
44	28	4
44	29	12
44	30	11
44	31	12
44	32	3
44	33	7
44	34	3
44	35	9
44	36	4
44	37	8
44	38	8
44	39	16
44	40	6
44	41	3
44	42	3
44	43	5
44	45	1
44	46	20
44	47	9
44	48	9
44	49	13
44	50	7
44	51	11
44	52	9
44	53	11
44	54	3
44	55	9
44	56	12
44	57	11
44	58	6
44	59	4
44	60	14
44	61	9
44	62	9
44	63	17
44	64	9
44	65	14
44	66	10
44	67	5
44	68	10
44	69	8
44	70	13
44	71	11
44	72	10
44	73	3
44	74	10
44	75	2
44	76	10
44	77	12
44	78	2
44	79	5
44	80	16
44	81	12
44	82	6
44	83	1
44	84	16
44	85	8
44	86	7
44	87	5
44	88	13
44	89	12
44	90	8
44	91	3
44	92	8
44	93	3
44	94	14
44	95	8
44	96	8
44	97	12
44	98	14
44	99	6
44	100	15
44	101	13
44	102	8
44	103	5
44	104	13
44	105	5
44	106	9
44	107	11
44	108	6
44	109	7
45	0	1
45	4	1
45	5	1
45	6	1
45	7	1
45	8	1
45	9	1
45	11	1
45	12	1
45	13	1
45	15	2
45	16	1
45	18	1
45	19	1
45	21	1
45	22	1
45	23	2
45	24	1
45	26	2
45	27	2
45	29	2
45	30	1
45	31	3
45	33	1
45	37	1
45	38	1
45	39	1
45	40	1
45	44	1
45	46	1
45	47	1
45	48	1
45	49	2
45	50	2
45	51	1
45	52	1
45	53	1
45	55	1
45	56	1
45	57	1
45	58	2
45	60	1
45	62	1
45	63	1
45	65	1
45	66	1
45	67	1
45	68	1
45	69	1
45	70	1
45	71	1
45	74	1
45	75	1
45	76	1
45	80	1
45	81	1
45	84	1
45	85	1
45	87	2
45	88	1
45	89	1
45	90	1
45	91	1
45	92	1
45	93	2
45	94	1
45	95	1
45	97	1
45	98	3
45	99	1
45	100	1
45	101	1
45	102	2
45	105	1
45	107	1
45	108	1
45	109	3
46	0	5
46	1	2
46	2	11
46	3	11
46	4	5
46	5	5
46	6	12
46	7	9
46	8	14
46	9	9
46	10	4
46	11	12
46	12	5
46	13	7
46	14	2
46	15	9
46	16	6
46	17	4
46	18	8
46	19	1
46	20	2
46	21	10
46	22	11
46	23	5
46	24	12
46	25	12
46	26	14
46	27	16
46	28	3
46	29	12
46	30	11
46	31	14
46	32	5
46	33	10
46	34	2
46	35	8
46	36	6
46	37	9
46	38	9
46	39	15
46	40	2
46	41	1
46	42	2
46	43	9
46	44	20
46	45	1
46	47	12
46	48	4
46	49	18
46	50	6
46	51	8
46	52	12
46	53	12
46	54	2
46	55	11
46	56	14
46	57	10
46	58	6
46	59	5
46	60	22
46	61	11
46	62	8
46	63	15
46	64	13
46	65	13
46	66	13
46	67	5
46	68	14
46	69	6
46	70	13
46	71	18
46	72	10
46	73	2
46	74	14
46	75	4
46	76	7
46	77	18
46	78	1
46	79	4
46	80	15
46	81	16
46	82	6
46	83	1
46	84	12
46	85	9
46	86	5
46	87	10
46	88	12
46	89	17
46	90	4
46	91	4
46	92	6
46	93	6
46	94	12
46	95	7
46	96	4
46	97	9
46	98	18
46	99	9
46	100	13
46	101	10
46	102	10
46	103	5
46	104	12
46	105	8
46	106	11
46	107	9
46	108	4
46	109	10
47	0	2
47	1	4
47	2	6
47	3	3
47	4	5
47	5	2
47	6	7
47	7	5
47	8	10
47	9	6
47	10	1
47	11	12
47	12	6
47	13	6
47	14	2
47	15	5
47	16	6
47	17	2
47	18	7
47	19	3
47	20	1
47	21	6
47	22	10
47	23	1
47	24	9
47	25	8
47	26	9
47	27	12
47	28	2
47	29	9
47	30	10
47	31	9
47	32	2
47	33	10
47	34	3
47	35	6
47	36	5
47	37	9
47	38	7
47	39	12
47	41	2
47	43	6
47	44	9
47	45	1
47	46	12
47	48	4
47	49	10
47	50	6
47	51	8
47	52	6
47	53	14
47	55	6
47	56	11
47	57	7
47	58	2
47	59	2
47	60	8
47	61	8
47	62	8
47	63	9
47	64	6
47	65	7
47	66	8
47	67	2
47	68	7
47	70	8
47	71	6
47	72	6
47	73	2
47	74	11
47	75	4
47	76	8
47	77	10
47	78	1
47	79	2
47	80	12
47	81	8
47	82	4
47	83	1
47	84	9
47	85	6
47	86	1
47	87	5
47	88	4
47	89	9
47	90	3
47	91	4
47	92	6
47	93	3
47	94	8
47	95	9
47	96	3
47	97	6
47	98	11
47	99	8
47	100	7
47	101	9
47	102	4
47	103	2
47	104	6
47	105	4
47	106	8
47	107	8
47	108	4
47	109	7
48	0	2
48	1	3
48	2	3
48	3	3
48	4	4
48	5	4
48	6	6
48	7	4
48	8	5
48	9	2
48	10	2
48	11	7
48	12	4
48	13	3
48	15	2
48	16	3
48	17	3
48	18	3
48	19	4
48	20	1
48	21	7
48	22	6
48	23	1
48	24	6
48	25	3
48	26	7
48	27	11
48	28	3
48	29	6
48	30	7
48	31	4
48	32	1
48	33	6
48	35	4
48	36	1
48	37	4
48	38	4
48	39	5
48	40	3
48	41	2
48	42	3
48	43	4
48	44	9
48	45	1
48	46	4
48	47	4
48	49	5
48	50	1
48	51	6
48	52	5
48	53	7
48	54	3
48	55	6
48	56	7
48	57	4
48	58	3
48	59	3
48	60	7
48	61	4
48	62	5
48	63	7
48	64	3
48	65	5
48	66	6
48	67	3
48	68	7
48	69	5
48	70	4
48	71	6
48	72	3
48	73	1
48	74	4
48	76	7
48	77	5
48	78	1
48	79	2
48	80	7
48	81	7
48	82	2
48	84	9
48	85	4
48	86	3
48	87	3
48	88	7
48	89	6
48	90	3
48	91	3
48	92	5
48	93	2
48	94	6
48	95	4
48	96	5
48	97	7
48	98	6
48	99	4
48	100	5
48	101	6
48	102	3
48	103	1
48	104	4
48	105	2
48	106	3
48	107	5
48	108	4
48	109	5
49	0	5
49	1	3
49	2	12
49	3	8
49	4	7
49	5	5
49	6	9
49	7	5
49	8	10
49	9	6
49	10	3
49	11	12
49	12	5
49	13	5
49	14	2
49	15	9
49	16	4
49	17	4
49	18	3
49	19	1
49	20	1
49	21	12
49	22	13
49	23	4
49	24	8
49	25	11
49	26	14
49	27	16
49	28	3
49	29	13
49	30	10
49	31	11
49	32	5
49	33	9
49	34	2
49	35	5
49	36	6
49	37	8
49	38	10
49	39	13
49	40	1
49	41	1
49	42	1
49	43	6
49	44	13
49	45	2
49	46	18
49	47	10
49	48	5
49	50	5
49	51	7
49	52	11
49	53	11
49	54	1
49	55	11
49	56	10
49	57	11
49	58	4
49	59	5
49	60	14
49	61	9
49	62	10
49	63	13
49	64	13
49	65	12
49	66	11
49	67	5
49	68	12
49	69	8
49	70	11
49	71	14
49	72	7
49	73	2
49	74	16
49	75	3
49	76	14
49	77	15
49	78	2
49	79	3
49	80	14
49	81	12
49	82	3
49	83	1
49	84	12
49	85	10
49	86	1
49	87	8
49	88	12
49	89	15
49	90	4
49	91	3
49	92	11
49	93	8
49	94	11
49	95	8
49	96	6
49	97	8
49	98	18
49	99	7
49	100	16
49	101	12
49	102	7
49	103	3
49	104	7
49	105	5
49	106	6
49	107	9
49	108	6
49	109	14
50	0	3
50	1	3
50	2	5
50	3	4
50	4	2
50	5	2
50	6	5
50	7	2
50	8	6
50	9	3
50	10	2
50	11	5
50	12	5
50	13	4
50	14	2
50	15	3
50	16	2
50	17	1
50	18	3
50	19	1
50	20	1
50	21	3
50	22	6
50	23	2
50	24	4
50	25	5
50	26	5
50	27	10
50	28	1
50	29	4
50	30	5
50	31	7
50	32	1
50	33	6
50	34	1
50	35	2
50	36	3
50	37	5
50	38	5
50	39	4
50	40	2
50	41	1
50	43	2
50	44	7
50	45	2
50	46	6
50	47	6
50	48	1
50	49	5
50	51	5
50	52	3
50	53	9
50	55	4
50	56	5
50	57	5
50	58	5
50	59	2
50	60	5
50	61	4
50	62	6
50	63	5
50	64	4
50	65	3
50	66	3
50	67	1
50	68	4
50	69	2
50	70	5
50	71	4
50	72	3
50	73	3
50	74	3
50	75	3
50	76	5
50	77	4
50	78	2
50	79	2
50	80	6
50	81	6
50	83	1
50	84	4
50	85	5
50	86	2
50	87	4
50	88	3
50	89	3
50	90	2
50	91	2
50	92	2
50	93	1
50	94	7
50	95	5
50	96	1
50	97	4
50	98	7
50	99	3
50	100	6
50	101	6
50	102	5
50	103	4
50	104	4
50	105	3
50	106	4
50	107	4
50	108	3
50	109	6
51	0	3
51	1	1
51	2	7
51	3	6
51	4	2
51	5	3
51	6	6
51	7	3
51	8	8
51	9	2
51	10	1
51	11	7
51	12	5
51	13	4
51	14	2
51	15	3
51	16	4
51	17	2
51	18	7
51	19	3
51	20	1
51	21	6
51	22	4
51	23	1
51	24	4
51	25	6
51	26	8
51	27	12
51	28	3
51	29	8
51	30	2
51	31	6
51	32	1
51	33	5
51	35	4
51	36	1
51	37	3
51	38	4
51	39	8
51	40	4
51	42	1
51	43	2
51	44	11
51	45	1
51	46	8
51	47	8
51	48	6
51	49	7
51	50	5
51	52	3
51	53	10
51	54	2
51	55	4
51	56	6
51	57	6
51	58	8
51	59	3
51	60	8
51	61	7
51	62	6
51	63	8
51	64	12
51	65	3
51	66	6
51	67	2
51	68	5
51	69	4
51	70	3
51	71	8
51	72	5
51	73	1
51	74	9
51	75	1
51	76	4
51	77	8
51	78	1
51	79	2
51	80	8
51	81	11
51	82	2
51	84	8
51	85	4
51	86	3
51	87	5
51	88	7
51	89	7
51	90	3
51	91	3
51	92	5
51	93	1
51	94	8
51	95	4
51	96	1
51	97	6
51	98	6
51	99	5
51	100	7
51	101	6
51	102	4
51	103	2
51	104	8
51	105	4
51	106	4
51	107	6
51	108	3
51	109	8
52	0	3
52	1	3
52	2	6
52	3	7
52	4	5
52	5	3
52	6	9
52	7	7
52	8	9
52	9	5
52	10	3
52	11	7
52	12	3
52	13	6
52	15	5
52	16	3
52	17	4
52	18	4
52	19	1
52	21	7
52	22	13
52	23	2
52	24	7
52	25	6
52	26	14
52	27	11
52	28	1
52	29	7
52	30	7
52	31	6
52	32	4
52	33	7
52	34	2
52	35	2
52	36	4
52	37	10
52	38	5
52	39	8
52	40	1
52	41	1
52	42	2
52	43	5
52	44	9
52	45	1
52	46	12
52	47	6
52	48	5
52	49	11
52	50	3
52	51	3
52	53	9
52	54	1
52	55	7
52	56	9
52	57	6
52	58	2
52	59	3
52	60	7
52	61	5
52	62	3
52	63	10
52	64	5
52	65	9
52	66	7
52	67	4
52	68	9
52	69	5
52	70	9
52	71	8
52	72	4
52	73	2
52	74	8
52	75	1
52	76	8
52	77	9
52	78	2
52	79	3
52	80	11
52	81	10
52	82	2
52	83	1
52	84	12
52	85	6
52	86	2
52	87	4
52	88	7
52	89	5
52	90	3
52	91	2
52	92	7
52	93	3
52	94	8
52	95	6
52	96	5
52	97	7
52	98	10
52	99	6
52	100	7
52	101	9
52	102	4
52	103	3
52	104	5
52	105	3
52	106	6
52	107	11
52	108	3
52	109	9
53	0	2
53	1	7
53	2	9
53	3	2
53	4	5
53	5	3
53	6	11
53	7	5
53	8	11
53	9	5
53	10	3
53	11	11
53	12	8
53	13	5
53	14	1
53	15	3
53	16	5
53	17	5
53	18	5
53	19	4
53	20	2
53	21	9
53	22	14
53	24	7
53	25	11
53	26	8
53	27	12
53	28	5
53	29	10
53	30	8
53	31	6
53	32	4
53	33	8
53	34	1
53	35	7
53	36	4
53	37	10
53	38	7
53	39	12
53	40	3
53	41	3
53	42	2
53	43	8
53	44	11
53	45	1
53	46	12
53	47	14
53	48	7
53	49	11
53	50	9
53	51	10
53	52	9
53	54	3
53	55	5
53	56	11
53	57	10
53	58	4
53	59	6
53	60	12
53	61	12
53	62	5
53	63	11
53	64	8
53	65	8
53	66	11
53	67	5
53	68	9
53	69	4
53	70	12
53	71	10
53	72	5
53	73	5
53	74	10
53	75	3
53	76	7
53	77	10
53	78	1
53	79	5
53	80	13
53	81	12
53	82	3
53	83	1
53	84	12
53	85	7
53	86	4
53	87	10
53	88	11
53	89	7
53	90	3
53	91	4
53	92	6
53	93	4
53	94	10
53	95	9
53	96	4
53	97	7
53	98	11
53	99	7
53	100	11
53	101	6
53	102	7
53	103	5
53	104	8
53	105	6
53	106	6
53	107	8
53	108	6
53	109	8
54	1	1
54	2	1
54	5	1
54	6	2
54	7	1
54	8	1
54	9	1
54	11	2
54	12	1
54	13	1
54	16	2
54	17	1
54	18	1
54	19	1
54	20	1
54	21	2
54	24	1
54	25	1
54	26	1
54	27	3
54	29	3
54	30	2
54	33	1
54	35	1
54	40	2
54	41	1
54	42	2
54	43	2
54	44	3
54	46	2
54	48	3
54	49	1
54	51	2
54	52	1
54	53	3
54	55	1
54	56	2
54	57	1
54	58	2
54	60	1
54	61	1
54	63	1
54	66	1
54	67	2
54	68	1
54	69	2
54	70	1
54	72	1
54	73	1
54	76	1
54	77	1
54	79	2
54	80	1
54	81	3
54	82	1
54	84	3
54	86	2
54	87	1
54	88	2
54	89	2
54	91	1
54	92	1
54	95	1
54	96	1
54	97	3
54	99	1
54	100	1
54	101	1
54	102	1
54	103	1
54	104	3
54	105	1
54	108	1
54	109	1
55	0	4
55	1	4
55	2	6
55	3	7
55	4	5
55	5	6
55	6	8
55	7	5
55	8	9
55	9	3
55	10	2
55	11	9
55	12	4
55	13	2
55	14	3
55	15	2
55	16	7
55	17	2
55	18	8
55	19	3
55	20	1
55	21	8
55	22	8
55	24	7
55	25	8
55	26	12
55	27	14
55	28	1
55	29	5
55	30	10
55	31	10
55	32	3
55	33	3
55	34	1
55	35	6
55	36	2
55	37	6
55	38	4
55	39	10
55	40	3
55	41	3
55	42	1
55	43	3
55	44	9
55	45	1
55	46	11
55	47	6
55	48	6
55	49	11
55	50	4
55	51	4
55	52	7
55	53	5
55	54	1
55	56	8
55	57	7
55	58	1
55	59	3
55	60	6
55	61	7
55	62	5
55	63	11
55	64	8
55	65	6
55	66	7
55	67	2
55	68	9
55	69	5
55	70	6
55	71	8
55	72	7
55	73	2
55	74	8
55	75	1
55	76	8
55	77	9
55	78	2
55	79	2
55	80	12
55	81	11
55	82	6
55	83	1
55	84	12
55	85	5
55	86	3
55	87	5
55	88	8
55	89	10
55	90	4
55	91	3
55	92	7
55	93	2
55	94	7
55	95	5
55	96	4
55	97	7
55	98	9
55	99	6
55	100	11
55	101	10
55	102	6
55	103	4
55	104	7
55	105	1
55	106	10
55	107	5
55	108	5
55	109	8
56	0	4
56	1	5
56	2	8
56	3	8
56	4	5
56	5	4
56	6	10
56	7	6
56	8	17
56	9	8
56	10	3
56	11	10
56	12	7
56	13	8
56	14	2
56	15	4
56	16	7
56	17	5
56	18	9
56	19	4
56	20	1
56	21	11
56	22	11
56	23	4
56	24	12
56	25	10
56	26	16
56	27	13
56	28	3
56	29	9
56	30	10
56	31	12
56	32	2
56	33	12
56	34	2
56	35	8
56	36	6
56	37	10
56	38	7
56	39	11
56	40	3
56	41	3
56	42	2
56	43	8
56	44	12
56	45	1
56	46	14
56	47	11
56	48	7
56	49	10
56	50	5
56	51	6
56	52	9
56	53	11
56	54	2
56	55	8
56	57	9
56	58	3
56	59	4
56	60	11
56	61	10
56	62	9
56	63	13
56	64	10
56	65	11
56	66	11
56	67	3
56	68	13
56	69	5
56	70	7
56	71	11
56	72	11
56	73	3
56	74	11
56	75	5
56	76	10
56	77	13
56	78	2
56	79	5
56	80	14
56	81	13
56	82	5
56	83	1
56	84	14
56	85	7
56	86	4
56	87	6
56	88	10
56	89	11
56	90	4
56	91	2
56	92	5
56	93	3
56	94	10
56	95	9
56	96	6
56	97	8
56	98	13
56	99	7
56	100	9
56	101	10
56	102	7
56	103	5
56	104	9
56	105	4
56	106	9
56	107	9
56	108	3
56	109	7
57	0	4
57	1	3
57	2	5
57	3	6
57	4	3
57	5	3
57	6	7
57	7	4
57	8	13
57	9	5
57	10	5
57	11	8
57	12	5
57	13	5
57	14	2
57	15	5
57	16	5
57	17	4
57	18	5
57	19	3
57	20	1
57	21	7
57	22	9
57	23	2
57	24	9
57	25	10
57	26	8
57	27	10
57	28	4
57	29	5
57	30	8
57	31	7
57	32	5
57	33	6
57	34	2
57	35	7
57	36	3
57	37	8
57	38	7
57	39	11
57	40	4
57	41	2
57	43	6
57	44	11
57	45	1
57	46	10
57	47	7
57	48	4
57	49	11
57	50	5
57	51	6
57	52	6
57	53	10
57	54	1
57	55	7
57	56	9
57	58	2
57	59	6
57	60	9
57	61	9
57	62	6
57	63	12
57	64	9
57	65	13
57	66	12
57	67	4
57	68	12
57	69	4
57	70	10
57	71	8
57	72	5
57	73	3
57	74	10
57	75	3
57	76	8
57	77	8
57	79	2
57	80	14
57	81	11
57	82	4
57	83	1
57	84	11
57	85	6
57	87	6
57	88	9
57	89	9
57	90	4
57	91	2
57	92	5
57	93	4
57	94	9
57	95	6
57	96	3
57	97	6
57	98	12
57	99	3
57	100	12
57	101	10
57	102	6
57	103	2
57	104	7
57	105	3
57	106	8
57	107	6
57	108	2
57	109	5
58	0	2
58	2	3
58	3	2
58	4	1
58	5	2
58	6	4
58	7	2
58	8	2
58	9	2
58	11	5
58	12	2
58	13	3
58	15	2
58	16	2
58	17	1
58	18	3
58	19	1
58	21	2
58	22	1
58	23	1
58	24	2
58	25	3
58	26	3
58	27	8
58	28	1
58	29	6
58	30	1
58	31	2
58	33	3
58	35	1
58	36	2
58	37	1
58	38	1
58	39	2
58	40	2
58	41	1
58	42	1
58	43	2
58	44	6
58	45	2
58	46	6
58	47	2
58	48	3
58	49	4
58	50	5
58	51	8
58	52	2
58	53	4
58	54	2
58	55	1
58	56	3
58	57	2
58	60	4
58	61	5
58	62	2
58	63	4
58	64	3
58	65	2
58	66	2
58	67	3
58	68	2
58	69	2
58	70	2
58	71	3
58	72	1
58	73	1
58	74	2
58	75	2
58	76	2
58	77	3
58	79	2
58	80	2
58	81	4
58	84	4
58	85	3
58	86	3
58	87	3
58	88	3
58	89	4
58	90	1
58	91	1
58	92	1
58	93	1
58	94	3
58	95	4
58	97	4
58	98	5
58	99	3
58	100	2
58	101	2
58	102	3
58	103	2
58	104	2
58	105	3
58	106	2
58	107	2
58	108	1
58	109	5
59	0	3
59	1	3
59	2	5
59	3	3
59	4	3
59	5	1
59	6	6
59	7	3
59	8	5
59	9	1
59	10	1
59	11	3
59	12	2
59	13	1
59	14	2
59	16	2
59	18	2
59	21	4
59	22	6
59	24	5
59	25	4
59	26	3
59	27	3
59	28	4
59	29	3
59	30	2
59	31	4
59	32	1
59	33	3
59	35	2
59	36	3
59	37	2
59	38	3
59	39	6
59	40	1
59	42	1
59	43	1
59	44	4
59	46	5
59	47	2
59	48	3
59	49	5
59	50	2
59	51	3
59	52	3
59	53	6
59	55	3
59	56	4
59	57	6
59	60	6
59	61	6
59	62	3
59	63	6
59	64	6
59	65	7
59	66	5
59	67	1
59	68	4
59	69	4
59	70	3
59	71	3
59	72	2
59	73	2
59	74	7
59	75	1
59	76	2
59	77	4
59	78	1
59	79	1
59	80	6
59	81	5
59	82	1
59	84	4
59	85	3
59	87	1
59	88	8
59	89	5
59	90	1
59	91	3
59	92	2
59	93	2
59	94	5
59	95	1
59	96	2
59	97	2
59	98	7
59	99	2
59	100	6
59	101	5
59	102	5
59	103	1
59	104	4
59	106	3
59	107	2
59	108	1
59	109	1
60	0	4
60	1	3
60	2	9
60	3	8
60	4	4
60	5	5
60	6	10
60	7	6
60	8	11
60	9	4
60	10	4
60	11	7
60	12	5
60	13	6
60	14	2
60	15	4
60	16	3
60	17	5
60	18	4
60	19	3
60	21	9
60	22	8
60	23	2
60	24	9
60	25	8
60	26	10
60	27	13
60	28	5
60	29	8
60	30	8
60	31	8
60	32	3
60	33	8
60	34	1
60	35	8
60	36	5
60	37	7
60	38	9
60	39	13
60	40	3
60	41	1
60	42	2
60	43	8
60	44	14
60	45	1
60	46	22
60	47	8
60	48	7
60	49	14
60	50	5
60	51	8
60	52	7
60	53	12
60	54	1
60	55	6
60	56	11
60	57	9
60	58	4
60	59	6
60	61	12
60	62	6
60	63	11
60	64	13
60	65	12
60	66	12
60	67	5
60	68	9
60	69	5
60	70	12
60	71	15
60	72	8
60	73	3
60	74	11
60	75	5
60	76	8
60	77	13
60	78	1
60	79	4
60	80	11
60	81	11
60	82	3
60	83	1
60	84	11
60	85	8
60	86	3
60	87	10
60	88	13
60	89	12
60	90	4
60	91	3
60	92	3
60	93	4
60	94	11
60	95	9
60	96	5
60	97	7
60	98	13
60	99	7
60	100	10
60	101	8
60	102	9
60	103	5
60	104	8
60	105	4
60	106	7
60	107	6
60	108	2
60	109	9
61	0	3
61	1	5
61	2	8
61	3	10
61	4	4
61	5	3
61	6	7
61	7	7
61	8	10
61	9	6
61	10	3
61	11	10
61	12	5
61	13	4
61	14	2
61	15	2
61	16	5
61	17	3
61	18	8
61	19	1
61	21	7
61	22	8
61	24	8
61	25	7
61	26	7
61	27	11
61	28	3
61	29	6
61	30	9
61	31	6
61	32	3
61	33	6
61	34	1
61	35	9
61	36	5
61	37	6
61	38	6
61	39	14
61	40	3
61	41	3
61	42	1
61	43	7
61	44	9
61	46	11
61	47	8
61	48	4
61	49	9
61	50	4
61	51	7
61	52	5
61	53	12
61	54	1
61	55	7
61	56	10
61	57	9
61	58	5
61	59	6
61	60	12
61	62	7
61	63	14
61	64	11
61	65	11
61	66	9
61	67	3
61	68	8
61	69	3
61	70	10
61	71	11
61	72	6
61	73	3
61	74	8
61	75	5
61	76	6
61	77	10
61	79	3
61	80	10
61	81	11
61	82	4
61	83	1
61	84	10
61	85	6
61	86	3
61	87	8
61	88	9
61	89	9
61	90	2
61	91	2
61	92	3
61	93	3
61	94	8
61	95	7
61	96	3
61	97	4
61	98	12
61	99	5
61	100	10
61	101	7
61	102	6
61	103	5
61	104	10
61	105	4
61	106	10
61	107	6
61	108	5
61	109	7
62	0	3
62	1	4
62	2	4
62	3	5
62	4	2
62	5	3
62	6	6
62	7	4
62	8	12
62	9	1
62	10	1
62	11	8
62	12	4
62	13	3
62	14	2
62	15	3
62	16	4
62	17	2
62	18	4
62	19	3
62	20	1
62	21	7
62	22	10
62	23	4
62	24	5
62	25	6
62	26	9
62	27	10
62	28	1
62	29	5
62	30	6
62	31	9
62	32	1
62	33	9
62	35	5
62	36	4
62	37	6
62	38	8
62	39	8
62	40	1
62	41	1
62	43	1
62	44	9
62	45	1
62	46	8
62	47	8
62	48	5
62	49	10
62	50	6
62	51	6
62	52	3
62	53	5
62	55	5
62	56	9
62	57	6
62	58	2
62	59	3
62	60	6
62	61	7
62	63	8
62	64	5
62	65	7
62	66	7
62	67	1
62	68	6
62	69	3
62	70	8
62	71	7
62	72	8
62	74	6
62	75	1
62	76	10
62	77	8
62	78	3
62	79	1
62	80	8
62	81	8
62	82	1
62	84	8
62	85	7
62	87	4
62	88	8
62	89	9
62	90	3
62	91	3
62	92	5
62	93	3
62	94	7
62	95	6
62	96	4
62	97	5
62	98	10
62	99	4
62	100	11
62	101	9
62	102	4
62	104	6
62	105	3
62	106	5
62	107	4
62	108	3
62	109	5
63	0	5
63	1	5
63	2	8
63	3	10
63	4	4
63	5	5
63	6	12
63	7	8
63	8	14
63	9	4
63	10	3
63	11	14
63	12	8
63	13	9
63	14	2
63	15	3
63	16	5
63	17	2
63	18	9
63	19	3
63	20	1
63	21	9
63	22	14
63	23	2
63	24	13
63	25	11
63	26	10
63	27	17
63	28	4
63	29	11
63	30	11
63	31	11
63	32	3
63	33	8
63	34	2
63	35	10
63	36	6
63	37	12
63	38	7
63	39	15
63	40	4
63	41	3
63	42	2
63	43	3
63	44	17
63	45	1
63	46	15
63	47	9
63	48	7
63	49	13
63	50	5
63	51	8
63	52	10
63	53	11
63	54	1
63	55	11
63	56	13
63	57	12
63	58	4
63	59	6
63	60	11
63	61	14
63	62	8
63	64	11
63	65	15
63	66	12
63	67	3
63	68	13
63	69	5
63	70	11
63	71	14
63	72	7
63	73	3
63	74	10
63	75	3
63	76	8
63	77	12
63	78	2
63	79	3
63	80	17
63	81	11
63	82	5
63	83	1
63	84	16
63	85	8
63	86	4
63	87	4
63	88	18
63	89	12
63	90	4
63	91	2
63	92	9
63	93	5
63	94	16
63	95	6
63	96	6
63	97	9
63	98	14
63	99	7
63	100	14
63	101	14
63	102	8
63	103	4
63	104	9
63	105	4
63	106	9
63	107	10
63	108	6
63	109	7
64	0	4
64	1	4
64	2	10
64	3	7
64	4	6
64	5	3
64	6	8
64	7	5
64	8	11
64	9	3
64	10	4
64	11	7
64	12	4
64	13	3
64	14	2
64	15	3
64	16	2
64	17	3
64	18	6
64	19	1
64	20	1
64	21	7
64	22	7
64	23	1
64	24	10
64	25	8
64	26	10
64	27	11
64	28	3
64	29	6
64	30	6
64	31	7
64	32	3
64	33	4
64	34	1
64	35	9
64	36	5
64	37	6
64	38	7
64	39	11
64	40	4
64	41	1
64	43	4
64	44	9
64	46	13
64	47	6
64	48	3
64	49	13
64	50	4
64	51	12
64	52	5
64	53	8
64	55	8
64	56	10
64	57	9
64	58	3
64	59	6
64	60	13
64	61	11
64	62	5
64	63	11
64	65	8
64	66	13
64	67	3
64	68	10
64	69	5
64	70	7
64	71	12
64	72	8
64	73	2
64	74	15
64	75	5
64	76	9
64	77	12
64	78	1
64	79	2
64	80	13
64	81	11
64	82	3
64	83	1
64	84	7
64	85	9
64	86	3
64	87	7
64	88	13
64	89	11
64	90	4
64	91	2
64	92	4
64	93	4
64	94	8
64	95	5
64	96	4
64	97	6
64	98	11
64	99	7
64	100	9
64	101	8
64	102	7
64	103	6
64	104	8
64	105	3
64	106	6
64	107	5
64	108	2
64	109	10
65	0	3
65	1	2
65	2	8
65	3	8
65	4	4
65	5	4
65	6	7
65	7	7
65	8	10
65	9	4
65	10	4
65	11	9
65	12	5
65	13	6
65	14	3
65	15	4
65	16	4
65	17	3
65	18	5
65	19	3
65	21	9
65	22	10
65	23	2
65	24	14
65	25	8
65	26	10
65	27	13
65	28	4
65	29	8
65	30	10
65	31	9
65	32	3
65	33	7
65	34	2
65	35	5
65	36	3
65	37	9
65	38	9
65	39	14
65	40	2
65	41	2
65	42	1
65	43	5
65	44	14
65	45	1
65	46	13
65	47	7
65	48	5
65	49	12
65	50	3
65	51	3
65	52	9
65	53	8
65	55	6
65	56	11
65	57	13
65	58	2
65	59	7
65	60	12
65	61	11
65	62	7
65	63	15
65	64	8
65	66	9
65	67	5
65	68	11
65	69	5
65	70	11
65	71	10
65	72	5
65	73	2
65	74	13
65	75	4
65	76	8
65	77	11
65	78	1
65	79	2
65	80	12
65	81	9
65	82	4
65	83	1
65	84	9
65	85	8
65	86	4
65	87	4
65	88	11
65	89	8
65	90	4
65	91	3
65	92	5
65	93	5
65	94	13
65	95	6
65	96	6
65	97	7
65	98	17
65	99	5
65	100	10
65	101	13
65	102	6
65	103	2
65	104	7
65	105	3
65	106	7
65	107	7
65	108	4
65	109	7
66	0	3
66	1	2
66	2	4
66	3	6
66	4	5
66	5	3
66	6	11
66	7	3
66	8	16
66	9	5
66	10	4
66	11	5
66	12	4
66	13	5
66	14	1
66	15	4
66	16	6
66	17	4
66	18	4
66	19	3
66	21	9
66	22	8
66	23	2
66	24	10
66	25	9
66	26	11
66	27	11
66	28	5
66	29	6
66	30	7
66	31	7
66	32	3
66	33	6
66	34	2
66	35	9
66	36	4
66	37	8
66	38	7
66	39	10
66	40	4
66	41	2
66	43	7
66	44	10
66	45	1
66	46	13
66	47	8
66	48	6
66	49	11
66	50	3
66	51	6
66	52	7
66	53	11
66	54	1
66	55	7
66	56	11
66	57	12
66	58	2
66	59	5
66	60	12
66	61	9
66	62	7
66	63	12
66	64	13
66	65	9
66	67	5
66	68	12
66	69	4
66	70	10
66	71	16
66	72	7
66	73	2
66	74	11
66	75	3
66	76	9
66	77	11
66	78	1
66	79	2
66	80	12
66	81	10
66	82	3
66	83	1
66	84	10
66	85	8
66	86	1
66	87	10
66	88	9
66	89	12
66	90	7
66	91	5
66	92	6
66	93	5
66	94	8
66	95	6
66	96	4
66	97	5
66	98	13
66	99	6
66	100	10
66	101	9
66	102	7
66	103	4
66	104	10
66	105	3
66	106	7
66	107	6
66	108	2
66	109	7
67	0	1
67	1	3
67	2	2
67	3	1
67	4	2
67	5	3
67	6	3
67	7	2
67	8	3
67	9	2
67	10	3
67	11	3
67	12	2
67	13	2
67	15	2
67	16	2
67	17	2
67	19	1
67	21	5
67	22	2
67	24	3
67	26	5
67	27	6
67	28	1
67	29	3
67	30	4
67	31	1
67	32	2
67	33	2
67	34	1
67	36	1
67	37	3
67	38	5
67	39	5
67	40	2
67	42	1
67	43	4
67	44	5
67	45	1
67	46	5
67	47	2
67	48	3
67	49	5
67	50	1
67	51	2
67	52	4
67	53	5
67	54	2
67	55	2
67	56	3
67	57	4
67	58	3
67	59	1
67	60	5
67	61	3
67	62	1
67	63	3
67	64	3
67	65	5
67	66	5
67	68	4
67	69	3
67	70	3
67	71	5
67	74	3
67	75	1
67	76	2
67	77	3
67	79	1
67	80	4
67	81	6
67	82	1
67	84	4
67	85	3
67	86	1
67	87	3
67	88	3
67	89	4
67	90	2
67	91	2
67	92	3
67	93	1
67	94	6
67	95	5
67	96	1
67	97	6
67	98	3
67	99	3
67	100	3
67	101	4
67	102	3
67	104	1
67	105	4
67	106	2
67	107	2
67	108	1
67	109	3
68	0	4
68	1	3
68	2	7
68	3	7
68	4	4
68	5	4
68	6	9
68	7	6
68	8	11
68	9	6
68	10	5
68	11	8
68	12	7
68	13	5
68	14	2
68	15	4
68	16	5
68	17	4
68	18	6
68	19	3
68	20	1
68	21	11
68	22	11
68	23	3
68	24	11
68	25	10
68	26	16
68	27	13
68	28	3
68	29	7
68	30	8
68	31	10
68	32	4
68	33	10
68	34	2
68	35	8
68	36	4
68	37	9
68	38	9
68	39	13
68	40	2
68	41	2
68	43	6
68	44	10
68	45	1
68	46	14
68	47	7
68	48	7
68	49	12
68	50	4
68	51	5
68	52	9
68	53	9
68	54	1
68	55	9
68	56	13
68	57	12
68	58	2
68	59	4
68	60	9
68	61	8
68	62	6
68	63	13
68	64	10
68	65	11
68	66	12
68	67	4
68	69	5
68	70	8
68	71	10
68	72	6
68	73	2
68	74	10
68	75	3
68	76	11
68	77	11
68	78	1
68	79	2
68	80	13
68	81	13
68	82	3
68	83	1
68	84	12
68	85	9
68	86	2
68	87	6
68	88	8
68	89	8
68	90	4
68	91	2
68	92	6
68	93	4
68	94	10
68	95	6
68	96	4
68	97	9
68	98	13
68	99	5
68	100	10
68	101	10
68	102	7
68	103	4
68	104	6
68	105	5
68	106	9
68	107	8
68	108	3
68	109	9
69	0	3
69	1	2
69	2	5
69	3	6
69	4	2
69	5	3
69	6	6
69	7	3
69	8	3
69	9	4
69	10	2
69	11	3
69	12	1
69	13	2
69	14	2
69	15	4
69	17	3
69	18	3
69	21	6
69	22	5
69	23	1
69	24	4
69	25	5
69	26	7
69	27	7
69	28	1
69	29	7
69	30	1
69	31	5
69	32	4
69	33	2
69	35	1
69	36	1
69	37	3
69	38	4
69	39	5
69	40	2
69	42	1
69	43	3
69	44	8
69	45	1
69	46	6
69	48	5
69	49	8
69	50	2
69	51	4
69	52	5
69	53	4
69	54	2
69	55	5
69	56	5
69	57	4
69	58	2
69	59	4
69	60	5
69	61	3
69	62	3
69	63	5
69	64	5
69	65	5
69	66	4
69	67	3
69	68	5
69	70	3
69	71	6
69	72	3
69	73	1
69	74	7
69	76	3
69	77	7
69	78	2
69	79	1
69	80	8
69	81	8
69	82	2
69	84	7
69	85	4
69	86	3
69	87	4
69	88	6
69	89	7
69	90	1
69	91	1
69	92	4
69	93	5
69	94	4
69	95	3
69	96	5
69	97	6
69	98	6
69	99	2
69	100	4
69	101	6
69	102	5
69	103	1
69	104	5
69	105	2
69	106	3
69	107	5
69	108	2
69	109	4
70	0	3
70	1	3
70	2	3
70	3	5
70	4	4
70	5	4
70	6	10
70	7	6
70	8	12
70	9	5
70	10	6
70	11	8
70	12	6
70	13	4
70	14	1
70	15	5
70	16	5
70	17	4
70	18	3
70	19	3
70	20	2
70	21	6
70	22	10
70	23	5
70	24	9
70	25	3
70	26	7
70	27	9
70	28	4
70	29	6
70	30	8
70	31	5
70	32	4
70	33	6
70	34	1
70	35	9
70	36	3
70	37	8
70	38	11
70	39	8
70	40	3
70	41	2
70	42	1
70	43	6
70	44	13
70	45	1
70	46	13
70	47	8
70	48	4
70	49	11
70	50	5
70	51	3
70	52	9
70	53	12
70	54	1
70	55	6
70	56	7
70	57	10
70	58	2
70	59	3
70	60	12
70	61	10
70	62	8
70	63	11
70	64	7
70	65	11
70	66	10
70	67	3
70	68	8
70	69	3
70	71	10
70	72	4
70	73	4
70	74	7
70	75	4
70	76	11
70	77	13
70	79	4
70	80	10
70	81	10
70	82	4
70	83	1
70	84	9
70	85	8
70	86	1
70	87	7
70	88	10
70	89	9
70	90	4
70	91	4
70	92	5
70	93	4
70	94	7
70	95	7
70	96	9
70	97	7
70	98	11
70	99	5
70	100	11
70	101	7
70	102	6
70	103	5
70	104	8
70	105	5
70	106	7
70	107	5
70	108	6
70	109	7
71	0	3
71	1	2
71	2	7
71	3	9
71	4	4
71	5	4
71	6	12
71	7	6
71	8	11
71	9	4
71	10	6
71	11	9
71	12	5
71	13	5
71	14	2
71	15	5
71	16	5
71	17	4
71	18	6
71	19	2
71	20	1
71	21	11
71	22	13
71	23	3
71	24	10
71	25	11
71	26	10
71	27	14
71	28	3
71	29	11
71	30	7
71	31	8
71	32	4
71	33	10
71	34	2
71	35	9
71	36	4
71	37	6
71	38	9
71	39	10
71	40	3
71	41	1
71	43	8
71	44	11
71	45	1
71	46	18
71	47	6
71	48	6
71	49	14
71	50	4
71	51	8
71	52	8
71	53	10
71	55	8
71	56	11
71	57	8
71	58	3
71	59	3
71	60	15
71	61	11
71	62	7
71	63	14
71	64	12
71	65	10
71	66	16
71	67	5
71	68	10
71	69	6
71	70	10
71	72	7
71	73	3
71	74	13
71	75	4
71	76	9
71	77	12
71	78	2
71	79	4
71	80	12
71	81	13
71	82	4
71	83	1
71	84	9
71	85	8
71	86	3
71	87	11
71	88	11
71	89	12
71	90	5
71	91	3
71	92	5
71	93	6
71	94	11
71	95	4
71	96	6
71	97	5
71	98	16
71	99	8
71	100	12
71	101	9
71	102	8
71	103	6
71	104	11
71	105	5
71	106	9
71	107	8
71	108	4
71	109	8
72	0	4
72	1	3
72	2	4
72	3	5
72	4	3
72	5	1
72	6	7
72	7	5
72	8	9
72	9	3
72	10	1
72	11	8
72	12	4
72	13	3
72	14	1
72	15	2
72	16	4
72	17	3
72	18	7
72	19	2
72	20	1
72	21	6
72	22	5
72	23	2
72	24	7
72	25	8
72	26	11
72	27	11
72	28	2
72	29	5
72	30	4
72	31	8
72	32	3
72	33	4
72	34	1
72	35	6
72	36	6
72	37	3
72	38	4
72	39	6
72	40	1
72	41	3
72	42	2
72	43	5
72	44	10
72	46	10
72	47	6
72	48	3
72	49	7
72	50	3
72	51	5
72	52	4
72	53	5
72	54	1
72	55	7
72	56	11
72	57	5
72	58	1
72	59	2
72	60	8
72	61	6
72	62	8
72	63	7
72	64	8
72	65	5
72	66	7
72	68	6
72	69	3
72	70	4
72	71	7
72	73	4
72	74	10
72	75	3
72	76	8
72	77	9
72	78	1
72	79	4
72	80	10
72	81	9
72	82	4
72	83	1
72	84	11
72	85	6
72	86	3
72	87	5
72	88	7
72	89	9
72	90	2
72	91	2
72	92	5
72	93	1
72	94	8
72	95	3
72	96	4
72	97	4
72	98	9
72	99	7
72	100	6
72	101	5
72	102	5
72	103	6
72	104	8
72	105	1
72	106	5
72	107	6
72	108	1
72	109	5
73	0	1
73	1	1
73	2	1
73	3	1
73	4	1
73	5	1
73	6	4
73	7	2
73	8	2
73	9	2
73	10	1
73	11	4
73	12	3
73	13	2
73	15	1
73	16	1
73	17	2
73	18	2
73	19	1
73	20	1
73	21	1
73	22	4
73	24	3
73	25	3
73	26	3
73	27	4
73	28	2
73	29	2
73	30	2
73	31	1
73	32	2
73	33	1
73	34	1
73	35	3
73	36	2
73	37	1
73	38	1
73	39	2
73	40	1
73	41	2
73	42	1
73	43	3
73	44	3
73	46	2
73	47	2
73	48	1
73	49	2
73	50	3
73	51	1
73	52	2
73	53	5
73	54	1
73	55	2
73	56	3
73	57	3
73	58	1
73	59	2
73	60	3
73	61	3
73	63	3
73	64	2
73	65	2
73	66	2
73	68	2
73	69	1
73	70	4
73	71	3
73	72	4
73	74	2
73	75	2
73	76	3
73	77	2
73	79	5
73	80	5
73	81	3
73	82	1
73	83	1
73	84	3
73	85	2
73	86	1
73	87	2
73	88	3
73	89	2
73	90	1
73	91	1
73	92	2
73	94	2
73	95	1
73	96	2
73	97	2
73	98	3
73	99	3
73	100	3
73	101	1
73	102	2
73	103	5
73	104	4
73	105	1
73	106	1
73	107	3
73	108	1
73	109	3
74	0	5
74	1	2
74	2	8
74	3	8
74	4	7
74	5	4
74	6	10
74	7	5
74	8	11
74	9	4
74	10	3
74	11	8
74	12	3
74	13	4
74	14	3
74	15	7
74	16	5
74	17	1
74	18	8
74	19	1
74	20	1
74	21	10
74	22	10
74	23	1
74	24	9
74	25	12
74	26	11
74	27	13
74	28	5
74	29	10
74	30	7
74	31	9
74	32	4
74	33	7
74	34	1
74	35	5
74	36	4
74	37	6
74	38	7
74	39	13
74	40	2
74	43	5
74	44	10
74	45	1
74	46	14
74	47	11
74	48	4
74	49	16
74	50	3
74	51	9
74	52	8
74	53	10
74	55	8
74	56	11
74	57	10
74	58	2
74	59	7
74	60	11
74	61	8
74	62	6
74	63	10
74	64	15
74	65	13
74	66	11
74	67	3
74	68	10
74	69	7
74	70	7
74	71	13
74	72	10
74	73	2
74	75	3
74	76	8
74	77	11
74	78	2
74	79	2
74	80	14
74	81	12
74	82	7
74	84	10
74	85	7
74	86	2
74	87	6
74	88	9
74	89	13
74	90	3
74	91	5
74	92	7
74	93	5
74	94	11
74	95	5
74	96	4
74	97	5
74	98	16
74	99	8
74	100	11
74	101	10
74	102	9
74	103	4
74	104	9
74	105	4
74	106	7
74	107	7
74	108	4
74	109	9
75	0	2
75	1	2
75	2	2
75	3	3
75	4	1
75	5	1
75	6	3
75	7	1
75	8	3
75	9	2
75	10	1
75	11	2
75	12	2
75	13	3
75	14	1
75	15	1
75	16	2
75	17	1
75	18	3
75	21	2
75	22	2
75	23	1
75	24	5
75	25	3
75	26	3
75	27	5
75	28	1
75	29	3
75	30	1
75	31	3
75	32	1
75	33	3
75	34	1
75	35	4
75	36	3
75	37	1
75	38	3
75	39	5
75	40	1
75	41	1
75	43	3
75	44	2
75	45	1
75	46	4
75	47	4
75	49	3
75	50	3
75	51	1
75	52	1
75	53	3
75	55	1
75	56	5
75	57	3
75	58	2
75	59	1
75	60	5
75	61	5
75	62	1
75	63	3
75	64	5
75	65	4
75	66	3
75	67	1
75	68	3
75	70	4
75	71	4
75	72	3
75	73	2
75	74	3
75	76	2
75	77	4
75	79	2
75	80	4
75	81	3
75	82	1
75	83	1
75	84	3
75	85	2
75	87	2
75	88	2
75	89	2
75	90	1
75	92	1
75	93	2
75	94	3
75	95	1
75	96	2
75	97	2
75	98	5
75	99	2
75	100	3
75	101	3
75	102	3
75	103	2
75	104	4
75	105	1
75	106	4
75	107	3
75	108	1
75	109	4
76	0	3
76	1	4
76	2	4
76	3	6
76	4	6
76	5	5
76	6	6
76	7	4
76	8	10
76	9	4
76	10	5
76	11	9
76	12	6
76	13	4
76	15	6
76	16	5
76	17	3
76	18	5
76	19	4
76	20	3
76	21	10
76	22	9
76	23	2
76	24	9
76	25	9
76	26	11
76	27	13
76	28	3
76	29	7
76	30	10
76	31	8
76	32	4
76	33	8
76	34	1
76	35	9
76	36	5
76	37	6
76	38	9
76	39	6
76	40	3
76	41	3
76	42	1
76	43	4
76	44	10
76	45	1
76	46	7
76	47	8
76	48	7
76	49	14
76	50	5
76	51	4
76	52	8
76	53	7
76	54	1
76	55	8
76	56	10
76	57	8
76	58	2
76	59	2
76	60	8
76	61	6
76	62	10
76	63	8
76	64	9
76	65	8
76	66	9
76	67	2
76	68	11
76	69	3
76	70	11
76	71	9
76	72	8
76	73	3
76	74	8
76	75	2
76	77	11
76	78	1
76	79	3
76	80	10
76	81	14
76	82	2
76	83	1
76	84	9
76	85	9
76	86	1
76	87	5
76	88	7
76	89	9
76	90	5
76	91	4
76	92	8
76	93	2
76	94	7
76	95	7
76	96	7
76	97	5
76	98	13
76	99	8
76	100	11
76	101	9
76	102	5
76	103	5
76	104	9
76	105	3
76	106	5
76	107	5
76	108	5
76	109	11
77	0	5
77	1	2
77	2	7
77	3	9
77	4	6
77	5	2
77	6	10
77	7	6
77	8	11
77	9	6
77	10	5
77	11	10
77	12	6
77	13	5
77	14	2
77	15	4
77	16	6
77	17	4
77	18	6
77	19	2
77	21	11
77	22	12
77	23	2
77	24	12
77	25	9
77	26	11
77	27	13
77	28	3
77	29	6
77	30	8
77	31	11
77	32	4
77	33	7
77	34	1
77	35	6
77	36	4
77	37	7
77	38	11
77	39	11
77	40	2
77	41	1
77	42	1
77	43	8
77	44	12
77	46	18
77	47	10
77	48	5
77	49	15
77	50	4
77	51	8
77	52	9
77	53	10
77	54	1
77	55	9
77	56	13
77	57	8
77	58	3
77	59	4
77	60	13
77	61	10
77	62	8
77	63	12
77	64	12
77	65	11
77	66	11
77	67	3
77	68	11
77	69	7
77	70	13
77	71	12
77	72	9
77	73	2
77	74	11
77	75	4
77	76	11
77	78	1
77	79	3
77	80	16
77	81	14
77	82	4
77	83	1
77	84	14
77	85	11
77	86	3
77	87	8
77	88	10
77	89	13
77	90	4
77	91	4
77	92	6
77	93	5
77	94	9
77	95	3
77	96	6
77	97	7
77	98	12
77	99	7
77	100	12
77	101	11
77	102	8
77	103	5
77	104	12
77	105	6
77	106	7
77	107	6
77	108	4
77	109	10
78	0	1
78	1	2
78	2	4
78	3	3
78	4	1
78	5	1
78	6	2
78	7	1
78	8	3
78	11	1
78	13	1
78	14	1
78	15	1
78	18	1
78	21	2
78	22	3
78	24	1
78	25	3
78	26	3
78	27	2
78	29	3
78	31	1
78	33	2
78	35	1
78	36	2
78	37	3
78	39	2
78	40	1
78	44	2
78	46	1
78	47	1
78	48	1
78	49	2
78	50	2
78	51	1
78	52	2
78	53	1
78	55	2
78	56	2
78	59	1
78	60	1
78	62	3
78	63	2
78	64	1
78	65	1
78	66	1
78	68	1
78	69	2
78	71	2
78	72	1
78	74	2
78	76	1
78	77	1
78	80	1
78	81	2
78	82	1
78	84	1
78	85	2
78	86	1
78	87	2
78	88	1
78	89	2
78	91	1
78	92	1
78	93	1
78	94	3
78	95	1
78	96	1
78	98	1
78	99	1
78	100	2
78	101	4
78	102	2
78	104	1
78	106	1
78	107	3
78	108	1
78	109	1
79	0	1
79	1	1
79	2	2
79	3	1
79	4	1
79	5	1
79	6	4
79	7	2
79	8	3
79	9	3
79	10	1
79	11	4
79	12	3
79	13	3
79	15	1
79	16	1
79	17	3
79	18	2
79	19	1
79	20	1
79	21	2
79	22	4
79	23	1
79	24	3
79	25	3
79	26	4
79	27	5
79	28	2
79	29	3
79	30	3
79	31	2
79	32	2
79	33	3
79	34	1
79	35	3
79	36	2
79	37	1
79	38	1
79	39	2
79	40	1
79	41	2
79	42	2
79	43	4
79	44	5
79	46	4
79	47	2
79	48	2
79	49	3
79	50	2
79	51	2
79	52	3
79	53	5
79	54	2
79	55	2
79	56	5
79	57	2
79	58	2
79	59	1
79	60	4
79	61	3
79	62	1
79	63	3
79	64	2
79	65	2
79	66	2
79	67	1
79	68	2
79	69	1
79	70	4
79	71	4
79	72	4
79	73	5
79	74	2
79	75	2
79	76	3
79	77	3
79	80	4
79	81	3
79	82	1
79	83	1
79	84	4
79	85	2
79	86	2
79	87	2
79	88	4
79	89	1
79	90	1
79	91	1
79	92	2
79	94	2
79	95	2
79	96	2
79	97	3
79	98	3
79	99	3
79	100	3
79	101	1
79	102	2
79	103	5
79	104	3
79	105	2
79	106	1
79	107	3
79	108	1
79	109	4
80	0	5
80	1	6
80	2	6
80	3	7
80	4	6
80	5	5
80	6	12
80	7	9
80	8	12
80	9	9
80	10	4
80	11	18
80	12	8
80	13	7
80	14	2
80	15	5
80	16	7
80	17	5
80	18	12
80	19	4
80	20	1
80	21	9
80	22	15
80	23	3
80	24	14
80	25	13
80	26	13
80	27	19
80	28	3
80	29	10
80	30	14
80	31	11
80	32	6
80	33	9
80	34	2
80	35	10
80	36	6
80	37	11
80	38	8
80	39	17
80	40	3
80	41	3
80	42	2
80	43	7
80	44	16
80	45	1
80	46	15
80	47	12
80	48	7
80	49	14
80	50	6
80	51	8
80	52	11
80	53	13
80	54	1
80	55	12
80	56	14
80	57	14
80	58	2
80	59	6
80	60	11
80	61	10
80	62	8
80	63	17
80	64	13
80	65	12
80	66	12
80	67	4
80	68	13
80	69	8
80	70	10
80	71	12
80	72	10
80	73	5
80	74	14
80	75	4
80	76	10
80	77	16
80	78	1
80	79	4
80	81	14
80	82	5
80	83	1
80	84	15
80	85	10
80	86	4
80	87	6
80	88	12
80	89	16
80	90	5
80	91	4
80	92	10
80	93	5
80	94	11
80	95	6
80	96	6
80	97	9
80	98	15
80	99	9
80	100	13
80	101	15
80	102	7
80	103	5
80	104	14
80	105	4
80	106	9
80	107	12
80	108	8
80	109	13
81	0	5
81	1	5
81	2	5
81	3	9
81	4	3
81	5	7
81	6	8
81	7	7
81	8	11
81	9	8
81	10	4
81	11	12
81	12	6
81	13	5
81	14	2
81	15	6
81	16	6
81	17	3
81	18	10
81	19	4
81	20	3
81	21	13
81	22	8
81	23	1
81	24	9
81	25	10
81	26	15
81	27	15
81	28	2
81	29	8
81	30	9
81	31	7
81	32	5
81	33	11
81	34	1
81	35	8
81	36	5
81	37	8
81	38	8
81	39	10
81	40	5
81	41	2
81	42	3
81	43	9
81	44	12
81	45	1
81	46	16
81	47	8
81	48	7
81	49	12
81	50	6
81	51	11
81	52	10
81	53	12
81	54	3
81	55	11
81	56	13
81	57	11
81	58	4
81	59	5
81	60	11
81	61	11
81	62	8
81	63	11
81	64	11
81	65	9
81	66	10
81	67	6
81	68	13
81	69	8
81	70	10
81	71	13
81	72	9
81	73	3
81	74	12
81	75	3
81	76	14
81	77	14
81	78	2
81	79	3
81	80	14
81	82	5
81	84	12
81	85	10
81	86	5
81	87	10
81	88	10
81	89	14
81	90	2
81	91	4
81	92	6
81	93	2
81	94	11
81	95	7
81	96	5
81	97	8
81	98	16
81	99	8
81	100	11
81	101	6
81	102	9
81	103	6
81	104	11
81	105	6
81	106	8
81	107	8
81	108	5
81	109	10
82	0	2
82	1	2
82	2	1
82	3	5
82	4	2
82	5	4
82	6	2
82	7	3
82	8	6
82	9	1
82	10	1
82	11	5
82	12	1
82	13	2
82	14	1
82	15	2
82	16	4
82	18	4
82	19	1
82	20	1
82	21	6
82	22	3
82	23	1
82	24	5
82	25	3
82	26	4
82	27	6
82	28	1
82	29	4
82	30	4
82	31	4
82	32	2
82	33	1
82	34	1
82	35	4
82	37	2
82	38	2
82	39	5
82	40	3
82	41	1
82	42	1
82	43	2
82	44	6
82	46	6
82	47	4
82	48	2
82	49	3
82	51	2
82	52	2
82	53	3
82	54	1
82	55	6
82	56	5
82	57	4
82	59	1
82	60	3
82	61	4
82	62	1
82	63	5
82	64	3
82	65	4
82	66	3
82	67	1
82	68	3
82	69	2
82	70	4
82	71	4
82	72	4
82	73	1
82	74	7
82	75	1
82	76	2
82	77	4
82	78	1
82	79	1
82	80	5
82	81	5
82	84	5
82	85	1
82	86	2
82	87	2
82	88	2
82	89	7
82	90	1
82	91	1
82	92	4
82	93	2
82	94	4
82	95	4
82	96	3
82	97	3
82	98	4
82	99	3
82	100	5
82	101	5
82	102	2
82	103	2
82	104	3
82	106	5
82	107	4
82	108	3
83	2	1
83	4	1
83	6	1
83	8	1
83	9	1
83	10	1
83	12	1
83	13	1
83	17	1
83	22	1
83	24	1
83	25	1
83	26	1
83	27	1
83	30	1
83	31	1
83	32	1
83	34	1
83	35	1
83	36	1
83	37	1
83	38	1
83	39	1
83	41	1
83	43	1
83	44	1
83	46	1
83	47	1
83	49	1
83	50	1
83	52	1
83	53	1
83	55	1
83	56	1
83	57	1
83	60	1
83	61	1
83	63	1
83	64	1
83	65	1
83	66	1
83	68	1
83	70	1
83	71	1
83	72	1
83	73	1
83	75	1
83	76	1
83	77	1
83	79	1
83	80	1
83	84	1
83	85	1
83	87	1
83	88	1
83	90	1
83	92	1
83	94	1
83	96	1
83	97	1
83	98	1
83	100	1
83	101	1
83	103	1
83	104	1
83	107	1
83	109	1
84	0	5
84	1	4
84	2	6
84	3	7
84	4	7
84	5	4
84	6	11
84	7	7
84	8	13
84	9	5
84	10	2
84	11	12
84	12	5
84	13	5
84	14	2
84	15	3
84	16	9
84	17	3
84	18	7
84	19	3
84	20	2
84	21	9
84	22	12
84	23	2
84	24	10
84	25	9
84	26	12
84	27	15
84	28	2
84	29	10
84	30	10
84	31	7
84	32	3
84	33	8
84	34	2
84	35	8
84	36	4
84	37	8
84	38	5
84	39	13
84	40	3
84	41	3
84	42	4
84	43	6
84	44	16
84	45	1
84	46	12
84	47	9
84	48	9
84	49	12
84	50	4
84	51	8
84	52	12
84	53	12
84	54	3
84	55	12
84	56	14
84	57	11
84	58	4
84	59	4
84	60	11
84	61	10
84	62	8
84	63	16
84	64	7
84	65	9
84	66	10
84	67	4
84	68	12
84	69	7
84	70	9
84	71	9
84	72	11
84	73	3
84	74	10
84	75	3
84	76	9
84	77	14
84	78	1
84	79	4
84	80	15
84	81	12
84	82	5
84	83	1
84	85	7
84	86	4
84	87	6
84	88	11
84	89	12
84	90	3
84	91	3
84	92	11
84	93	6
84	94	14
84	95	7
84	96	5
84	97	10
84	98	15
84	99	6
84	100	12
84	101	11
84	102	8
84	103	4
84	104	12
84	105	3
84	106	10
84	107	9
84	108	5
84	109	8
85	0	4
85	1	3
85	2	5
85	3	5
85	4	4
85	5	3
85	6	8
85	7	5
85	8	10
85	9	3
85	10	3
85	11	7
85	12	5
85	13	3
85	14	1
85	15	3
85	16	1
85	17	2
85	18	2
85	19	1
85	21	4
85	22	8
85	24	7
85	25	4
85	26	8
85	27	8
85	28	2
85	29	3
85	30	4
85	31	5
85	32	3
85	33	3
85	34	1
85	35	3
85	36	4
85	37	9
85	38	7
85	39	7
85	40	1
85	41	1
85	43	4
85	44	8
85	45	1
85	46	9
85	47	6
85	48	4
85	49	10
85	50	5
85	51	4
85	52	6
85	53	7
85	55	5
85	56	7
85	57	6
85	58	3
85	59	3
85	60	8
85	61	6
85	62	7
85	63	8
85	64	9
85	65	8
85	66	8
85	67	3
85	68	9
85	69	4
85	70	8
85	71	8
85	72	6
85	73	2
85	74	7
85	75	2
85	76	9
85	77	11
85	78	2
85	79	2
85	80	10
85	81	10
85	82	1
85	83	1
85	84	7
85	86	1
85	87	7
85	88	7
85	89	6
85	90	4
85	91	3
85	92	5
85	93	2
85	94	8
85	95	4
85	96	4
85	97	5
85	98	9
85	99	7
85	100	8
85	101	8
85	102	5
85	103	2
85	104	6
85	105	4
85	106	3
85	107	5
85	108	1
85	109	7
86	1	2
86	2	3
86	3	3
86	4	1
86	5	3
86	6	2
86	7	2
86	9	1
86	11	4
86	12	2
86	13	1
86	14	1
86	15	1
86	16	1
86	17	1
86	18	4
86	19	1
86	20	1
86	21	3
86	22	2
86	24	3
86	25	3
86	26	3
86	27	6
86	29	5
86	30	3
86	31	2
86	33	1
86	35	1
86	37	1
86	39	2
86	40	4
86	41	2
86	42	3
86	43	2
86	44	7
86	46	5
86	47	1
86	48	3
86	49	1
86	50	2
86	51	3
86	52	2
86	53	4
86	54	2
86	55	3
86	56	4
86	58	3
86	60	3
86	61	3
86	63	4
86	64	3
86	65	4
86	66	1
86	67	1
86	68	2
86	69	3
86	70	1
86	71	3
86	72	3
86	73	1
86	74	2
86	76	1
86	77	3
86	78	1
86	79	2
86	80	4
86	81	5
86	82	2
86	84	4
86	85	1
86	87	2
86	88	4
86	89	3
86	92	1
86	94	2
86	95	2
86	96	1
86	97	2
86	98	4
86	99	3
86	100	2
86	101	1
86	102	2
86	103	3
86	104	2
86	105	2
86	106	3
86	108	4
86	109	2
87	0	2
87	1	2
87	2	3
87	3	4
87	4	3
87	5	3
87	6	6
87	7	3
87	8	10
87	9	6
87	10	2
87	11	5
87	12	3
87	13	3
87	14	1
87	15	5
87	16	3
87	17	3
87	18	3
87	19	3
87	21	5
87	22	4
87	23	1
87	24	4
87	25	6
87	26	7
87	27	6
87	28	1
87	29	7
87	30	5
87	31	4
87	32	2
87	33	4
87	34	1
87	35	5
87	36	3
87	37	4
87	38	3
87	39	6
87	40	3
87	41	2
87	43	6
87	44	5
87	45	2
87	46	10
87	47	5
87	48	3
87	49	8
87	50	4
87	51	5
87	52	4
87	53	10
87	54	1
87	55	5
87	56	6
87	57	6
87	58	3
87	59	1
87	60	10
87	61	8
87	62	4
87	63	4
87	64	7
87	65	4
87	66	10
87	67	3
87	68	6
87	69	4
87	70	7
87	71	11
87	72	5
87	73	2
87	74	6
87	75	2
87	76	5
87	77	8
87	78	2
87	79	2
87	80	6
87	81	10
87	82	2
87	83	1
87	84	6
87	85	7
87	86	2
87	88	5
87	89	8
87	90	2
87	91	3
87	92	4
87	93	4
87	94	6
87	95	5
87	96	2
87	97	2
87	98	7
87	99	4
87	100	6
87	101	3
87	102	5
87	103	4
87	104	7
87	105	4
87	106	2
87	107	4
87	108	2
87	109	7
88	0	3
88	1	4
88	2	9
88	3	5
88	4	4
88	5	3
88	6	9
88	7	5
88	8	8
88	9	3
88	10	3
88	11	9
88	12	6
88	13	5
88	14	2
88	15	1
88	16	3
88	17	3
88	18	7
88	19	3
88	20	2
88	21	7
88	22	11
88	23	2
88	24	9
88	25	6
88	26	11
88	27	11
88	28	4
88	29	11
88	30	7
88	31	9
88	32	2
88	33	6
88	34	1
88	35	6
88	36	5
88	37	5
88	38	6
88	39	13
88	40	4
88	41	3
88	42	3
88	43	4
88	44	13
88	45	1
88	46	12
88	47	4
88	48	7
88	49	12
88	50	3
88	51	7
88	52	7
88	53	11
88	54	2
88	55	8
88	56	10
88	57	9
88	58	3
88	59	8
88	60	13
88	61	9
88	62	8
88	63	18
88	64	13
88	65	11
88	66	9
88	67	3
88	68	8
88	69	6
88	70	10
88	71	11
88	72	7
88	73	3
88	74	9
88	75	2
88	76	7
88	77	10
88	78	1
88	79	4
88	80	12
88	81	10
88	82	2
88	83	1
88	84	11
88	85	7
88	86	4
88	87	5
88	89	9
88	90	4
88	91	3
88	92	7
88	93	5
88	94	10
88	95	4
88	96	6
88	97	9
88	98	13
88	99	6
88	100	12
88	101	8
88	102	8
88	103	4
88	104	7
88	105	4
88	106	4
88	107	6
88	108	5
88	109	7
89	0	3
89	1	4
89	2	4
89	3	8
89	4	4
89	5	6
89	6	8
89	7	6
89	8	13
89	9	3
89	11	8
89	12	3
89	13	3
89	14	3
89	15	4
89	16	9
89	17	2
89	18	7
89	19	3
89	20	1
89	21	12
89	22	9
89	23	2
89	24	10
89	25	10
89	26	10
89	27	11
89	29	9
89	30	10
89	31	10
89	32	1
89	33	6
89	34	1
89	35	7
89	36	3
89	37	5
89	38	9
89	39	11
89	40	3
89	41	2
89	42	1
89	43	5
89	44	12
89	45	1
89	46	17
89	47	9
89	48	6
89	49	15
89	50	3
89	51	7
89	52	5
89	53	7
89	54	2
89	55	10
89	56	11
89	57	9
89	58	4
89	59	5
89	60	12
89	61	9
89	62	9
89	63	12
89	64	11
89	65	8
89	66	12
89	67	4
89	68	8
89	69	7
89	70	9
89	71	12
89	72	9
89	73	2
89	74	13
89	75	2
89	76	9
89	77	13
89	78	2
89	79	1
89	80	16
89	81	14
89	82	7
89	84	12
89	85	6
89	86	3
89	87	8
89	88	9
89	90	2
89	91	5
89	92	9
89	93	5
89	94	9
89	95	7
89	96	6
89	97	6
89	98	16
89	99	8
89	100	7
89	101	9
89	102	8
89	103	3
89	104	10
89	105	1
89	106	8
89	107	6
89	108	8
89	109	4
90	0	1
90	1	1
90	2	2
90	3	2
90	4	3
90	5	2
90	6	4
90	7	1
90	8	4
90	9	1
90	10	3
90	11	1
90	12	3
90	13	3
90	15	1
90	16	1
90	17	2
90	18	1
90	19	2
90	21	2
90	22	4
90	23	1
90	24	5
90	25	2
90	26	5
90	27	4
90	28	2
90	29	1
90	30	4
90	31	3
90	32	2
90	33	2
90	34	2
90	35	2
90	36	1
90	37	4
90	38	5
90	39	4
90	40	3
90	41	1
90	43	2
90	44	8
90	45	1
90	46	4
90	47	3
90	48	3
90	49	4
90	50	2
90	51	3
90	52	3
90	53	3
90	55	4
90	56	4
90	57	4
90	58	1
90	59	1
90	60	4
90	61	2
90	62	3
90	63	4
90	64	4
90	65	4
90	66	7
90	67	2
90	68	4
90	69	1
90	70	4
90	71	5
90	72	2
90	73	1
90	74	3
90	75	1
90	76	5
90	77	4
90	79	1
90	80	5
90	81	2
90	82	1
90	83	1
90	84	3
90	85	4
90	87	2
90	88	4
90	89	2
90	91	2
90	92	3
90	94	4
90	95	2
90	96	3
90	97	4
90	98	4
90	99	3
90	100	5
90	101	5
90	102	2
90	103	1
90	104	3
90	105	2
90	106	3
90	107	3
90	108	1
90	109	4
91	0	1
91	2	1
91	3	1
91	4	3
91	5	1
91	6	3
91	7	2
91	8	4
91	9	1
91	10	1
91	11	4
91	12	1
91	13	1
91	15	2
91	16	4
91	19	1
91	21	3
91	22	3
91	23	1
91	24	5
91	25	1
91	26	3
91	27	3
91	28	2
91	29	2
91	30	3
91	31	5
91	33	3
91	35	2
91	36	1
91	37	1
91	38	3
91	39	3
91	40	1
91	43	1
91	44	3
91	45	1
91	46	4
91	47	4
91	48	3
91	49	3
91	50	2
91	51	3
91	52	2
91	53	4
91	54	1
91	55	3
91	56	2
91	57	2
91	58	1
91	59	3
91	60	3
91	61	2
91	62	3
91	63	2
91	64	2
91	65	3
91	66	5
91	67	2
91	68	2
91	69	1
91	70	4
91	71	3
91	72	2
91	73	1
91	74	5
91	76	4
91	77	4
91	78	1
91	79	1
91	80	4
91	81	4
91	82	1
91	84	3
91	85	3
91	87	3
91	88	3
91	89	5
91	90	2
91	92	3
91	93	1
91	94	2
91	95	1
91	96	1
91	97	1
91	98	5
91	99	3
91	100	2
91	101	4
91	102	5
91	103	2
91	104	3
91	105	2
91	106	1
91	107	2
91	108	2
91	109	3
92	0	2
92	1	2
92	2	3
92	3	4
92	4	4
92	5	4
92	6	4
92	7	6
92	8	7
92	9	4
92	10	1
92	11	8
92	12	6
92	13	4
92	15	3
92	16	4
92	17	1
92	18	3
92	19	2
92	20	2
92	21	8
92	22	9
92	23	1
92	24	6
92	25	6
92	26	8
92	27	12
92	28	1
92	29	7
92	30	8
92	31	6
92	32	2
92	33	4
92	34	2
92	35	4
92	36	3
92	37	5
92	38	7
92	39	6
92	40	1
92	41	2
92	42	2
92	43	1
92	44	8
92	45	1
92	46	6
92	47	6
92	48	5
92	49	11
92	50	2
92	51	5
92	52	7
92	53	6
92	54	1
92	55	7
92	56	5
92	57	5
92	58	1
92	59	2
92	60	3
92	61	3
92	62	5
92	63	9
92	64	4
92	65	5
92	66	6
92	67	3
92	68	6
92	69	4
92	70	5
92	71	5
92	72	5
92	73	2
92	74	7
92	75	1
92	76	8
92	77	6
92	78	1
92	79	2
92	80	10
92	81	6
92	82	4
92	83	1
92	84	11
92	85	5
92	86	1
92	87	4
92	88	7
92	89	9
92	90	3
92	91	3
92	93	6
92	94	12
92	95	3
92	96	6
92	97	5
92	98	10
92	99	6
92	100	9
92	101	9
92	102	2
92	103	2
92	104	6
92	105	3
92	106	2
92	107	7
92	108	4
92	109	7
93	0	2
93	2	3
93	3	4
93	4	1
93	5	2
93	6	4
93	7	3
93	8	4
93	9	3
93	10	1
93	11	4
93	13	1
93	14	1
93	15	4
93	16	2
93	17	1
93	18	1
93	20	1
93	21	4
93	22	5
93	23	3
93	24	3
93	25	3
93	26	3
93	27	7
93	29	7
93	30	3
93	31	5
93	32	1
93	33	2
93	34	1
93	35	3
93	36	2
93	37	2
93	38	3
93	39	5
93	40	2
93	43	2
93	44	3
93	45	2
93	46	6
93	47	3
93	48	2
93	49	8
93	50	1
93	51	1
93	52	3
93	53	4
93	55	2
93	56	3
93	57	4
93	58	1
93	59	2
93	60	4
93	61	3
93	62	3
93	63	5
93	64	4
93	65	5
93	66	5
93	67	1
93	68	4
93	69	5
93	70	4
93	71	6
93	72	1
93	74	5
93	75	2
93	76	2
93	77	5
93	78	1
93	80	5
93	81	2
93	82	2
93	84	6
93	85	2
93	87	4
93	88	5
93	89	5
93	91	1
93	92	6
93	94	4
93	95	2
93	96	3
93	97	2
93	98	7
93	99	2
93	100	5
93	101	4
93	102	4
93	104	3
93	105	2
93	106	3
93	107	3
93	108	2
93	109	5
94	0	5
94	1	4
94	2	10
94	3	8
94	4	5
94	5	2
94	6	7
94	7	7
94	8	12
94	9	4
94	10	3
94	11	10
94	12	8
94	13	7
94	14	1
94	15	3
94	16	2
94	17	2
94	18	6
94	19	3
94	20	2
94	21	7
94	22	13
94	23	1
94	24	9
94	25	10
94	26	12
94	27	20
94	28	4
94	29	9
94	30	10
94	31	9
94	32	3
94	33	8
94	34	2
94	35	5
94	36	6
94	37	8
94	38	8
94	39	12
94	40	2
94	41	1
94	42	2
94	43	4
94	44	14
94	45	1
94	46	12
94	47	8
94	48	6
94	49	11
94	50	7
94	51	8
94	52	8
94	53	10
94	55	7
94	56	10
94	57	9
94	58	3
94	59	5
94	60	11
94	61	8
94	62	7
94	63	16
94	64	8
94	65	13
94	66	8
94	67	6
94	68	10
94	69	4
94	70	7
94	71	11
94	72	8
94	73	2
94	74	11
94	75	3
94	76	7
94	77	9
94	78	3
94	79	2
94	80	11
94	81	11
94	82	4
94	83	1
94	84	14
94	85	8
94	86	2
94	87	6
94	88	10
94	89	9
94	90	4
94	91	2
94	92	12
94	93	4
94	95	5
94	96	6
94	97	6
94	98	14
94	99	8
94	100	13
94	101	13
94	102	5
94	103	2
94	104	9
94	105	5
94	106	6
94	107	10
94	108	2
94	109	7
95	0	2
95	1	5
95	2	5
95	3	5
95	4	2
95	5	5
95	6	4
95	7	4
95	8	10
95	9	5
95	10	1
95	11	10
95	12	3
95	13	6
95	15	4
95	16	3
95	17	3
95	18	3
95	19	2
95	21	7
95	22	6
95	23	1
95	24	4
95	25	5
95	26	9
95	27	10
95	28	2
95	29	6
95	30	8
95	31	5
95	32	2
95	33	7
95	34	1
95	35	4
95	36	2
95	37	6
95	38	4
95	39	7
95	40	2
95	41	1
95	42	1
95	43	4
95	44	8
95	45	1
95	46	7
95	47	9
95	48	4
95	49	8
95	50	5
95	51	4
95	52	6
95	53	9
95	54	1
95	55	5
95	56	9
95	57	6
95	58	4
95	59	1
95	60	9
95	61	7
95	62	6
95	63	6
95	64	5
95	65	6
95	66	6
95	67	5
95	68	6
95	69	3
95	70	7
95	71	4
95	72	3
95	73	1
95	74	5
95	75	1
95	76	7
95	77	3
95	78	1
95	79	2
95	80	6
95	81	7
95	82	4
95	84	7
95	85	4
95	86	2
95	87	5
95	88	4
95	89	7
95	90	2
95	91	1
95	92	3
95	93	2
95	94	5
95	96	3
95	97	4
95	98	8
95	99	7
95	100	5
95	101	5
95	102	3
95	103	3
95	104	2
95	105	3
95	106	7
95	107	7
95	108	2
95	109	5
96	0	3
96	1	2
96	2	3
96	3	5
96	4	4
96	5	5
96	6	4
96	7	4
96	8	5
96	9	1
96	10	3
96	11	2
96	12	3
96	13	3
96	15	1
96	16	2
96	17	2
96	18	3
96	19	2
96	20	1
96	21	5
96	22	6
96	23	1
96	24	6
96	25	2
96	26	5
96	27	9
96	28	2
96	29	4
96	30	4
96	31	5
96	32	2
96	33	3
96	34	1
96	35	4
96	36	2
96	37	5
96	38	7
96	39	5
96	40	3
96	41	2
96	42	1
96	43	3
96	44	8
96	46	4
96	47	3
96	48	5
96	49	6
96	50	1
96	51	1
96	52	5
96	53	4
96	54	1
96	55	4
96	56	6
96	57	3
96	59	2
96	60	5
96	61	3
96	62	4
96	63	6
96	64	4
96	65	6
96	66	4
96	67	1
96	68	4
96	69	5
96	70	9
96	71	6
96	72	4
96	73	2
96	74	4
96	75	2
96	76	7
96	77	6
96	78	1
96	79	2
96	80	6
96	81	5
96	82	3
96	83	1
96	84	5
96	85	4
96	86	1
96	87	2
96	88	6
96	89	6
96	90	3
96	91	1
96	92	6
96	93	3
96	94	6
96	95	3
96	97	4
96	98	6
96	99	5
96	100	5
96	101	4
96	102	2
96	103	2
96	104	5
96	106	3
96	107	6
96	108	2
96	109	3
97	0	2
97	1	4
97	2	7
97	3	5
97	4	3
97	5	6
97	6	8
97	7	3
97	8	7
97	9	4
97	10	3
97	11	7
97	12	5
97	13	5
97	14	2
97	15	2
97	16	3
97	17	3
97	18	4
97	19	3
97	20	2
97	21	6
97	22	6
97	23	3
97	24	11
97	25	4
97	26	9
97	27	15
97	28	2
97	29	7
97	30	7
97	31	6
97	32	2
97	33	5
97	34	2
97	35	3
97	36	2
97	37	7
97	38	5
97	39	11
97	40	3
97	41	2
97	42	2
97	43	3
97	44	12
97	45	1
97	46	9
97	47	6
97	48	7
97	49	8
97	50	4
97	51	6
97	52	7
97	53	7
97	54	3
97	55	7
97	56	8
97	57	6
97	58	4
97	59	2
97	60	7
97	61	4
97	62	5
97	63	9
97	64	6
97	65	7
97	66	5
97	67	6
97	68	9
97	69	6
97	70	7
97	71	5
97	72	4
97	73	2
97	74	5
97	75	2
97	76	5
97	77	7
97	79	3
97	80	9
97	81	8
97	82	3
97	83	1
97	84	10
97	85	5
97	86	2
97	87	2
97	88	9
97	89	6
97	90	4
97	91	1
97	92	5
97	93	2
97	94	6
97	95	4
97	96	4
97	98	9
97	99	4
97	100	7
97	101	10
97	102	3
97	103	2
97	104	6
97	105	3
97	106	5
97	107	5
97	108	3
97	109	6
98	0	5
98	1	5
98	2	8
98	3	8
98	4	5
98	5	4
98	6	8
98	7	5
98	8	12
98	9	6
98	10	3
98	11	11
98	12	5
98	13	5
98	14	2
98	15	5
98	16	7
98	17	2
98	18	8
98	19	2
98	20	1
98	21	13
98	22	15
98	23	3
98	24	14
98	25	12
98	26	13
98	27	18
98	28	4
98	29	13
98	30	11
98	31	10
98	32	2
98	33	11
98	34	2
98	35	8
98	36	5
98	37	8
98	38	10
98	39	17
98	40	2
98	41	3
98	42	1
98	43	7
98	44	14
98	45	3
98	46	18
98	47	11
98	48	6
98	49	18
98	50	7
98	51	6
98	52	10
98	53	11
98	55	9
98	56	13
98	57	12
98	58	5
98	59	7
98	60	13
98	61	12
98	62	10
98	63	14
98	64	11
98	65	17
98	66	13
98	67	3
98	68	13
98	69	6
98	70	11
98	71	16
98	72	9
98	73	3
98	74	16
98	75	5
98	76	13
98	77	12
98	78	1
98	79	3
98	80	15
98	81	16
98	82	4
98	83	1
98	84	15
98	85	9
98	86	4
98	87	7
98	88	13
98	89	16
98	90	4
98	91	5
98	92	10
98	93	7
98	94	14
98	95	8
98	96	6
98	97	9
98	99	9
98	100	14
98	101	12
98	102	10
98	103	5
98	104	11
98	105	4
98	106	10
98	107	10
98	108	6
98	109	10
99	0	3
99	1	3
99	2	5
99	3	5
99	4	4
99	5	4
99	6	6
99	7	8
99	8	6
99	9	1
99	10	1
99	11	8
99	12	4
99	13	3
99	15	2
99	16	4
99	17	1
99	18	3
99	19	2
99	20	2
99	21	6
99	22	8
99	24	8
99	25	5
99	26	8
99	27	12
99	28	2
99	29	6
99	30	6
99	31	4
99	32	2
99	33	4
99	35	4
99	36	3
99	37	6
99	38	4
99	39	6
99	40	3
99	41	1
99	42	1
99	43	4
99	44	6
99	45	1
99	46	9
99	47	8
99	48	4
99	49	7
99	50	3
99	51	5
99	52	6
99	53	7
99	54	1
99	55	6
99	56	7
99	57	3
99	58	3
99	59	2
99	60	7
99	61	5
99	62	4
99	63	7
99	64	7
99	65	5
99	66	6
99	67	3
99	68	5
99	69	2
99	70	5
99	71	8
99	72	7
99	73	3
99	74	8
99	75	2
99	76	8
99	77	7
99	78	1
99	79	3
99	80	9
99	81	8
99	82	3
99	84	6
99	85	7
99	86	3
99	87	4
99	88	6
99	89	8
99	90	3
99	91	3
99	92	6
99	93	2
99	94	8
99	95	7
99	96	5
99	97	4
99	98	9
99	100	7
99	101	6
99	102	4
99	103	4
99	104	6
99	105	4
99	106	4
99	107	7
99	108	3
99	109	8
100	0	5
100	1	6
100	2	7
100	3	7
100	4	5
100	5	4
100	6	9
100	7	7
100	8	11
100	9	4
100	10	4
100	11	9
100	12	9
100	13	5
100	14	2
100	15	3
100	16	4
100	17	3
100	18	6
100	19	3
100	20	2
100	21	7
100	22	15
100	23	1
100	24	8
100	25	9
100	26	7
100	27	15
100	28	4
100	29	9
100	30	9
100	31	7
100	32	4
100	33	7
100	34	2
100	35	8
100	36	5
100	37	8
100	38	8
100	39	13
100	40	4
100	41	2
100	42	2
100	43	5
100	44	15
100	45	1
100	46	13
100	47	7
100	48	5
100	49	16
100	50	6
100	51	7
100	52	7
100	53	11
100	54	1
100	55	11
100	56	9
100	57	12
100	58	2
100	59	6
100	60	10
100	61	10
100	62	11
100	63	14
100	64	9
100	65	10
100	66	10
100	67	3
100	68	10
100	69	4
100	70	11
100	71	12
100	72	6
100	73	3
100	74	11
100	75	3
100	76	11
100	77	12
100	78	2
100	79	3
100	80	13
100	81	11
100	82	5
100	83	1
100	84	12
100	85	8
100	86	2
100	87	6
100	88	12
100	89	7
100	90	5
100	91	2
100	92	9
100	93	5
100	94	13
100	95	5
100	96	5
100	97	7
100	98	14
100	99	7
100	101	13
100	102	7
100	103	3
100	104	11
100	105	6
100	106	6
100	107	6
100	108	5
100	109	10
101	0	4
101	1	6
101	2	10
101	3	7
101	4	5
101	5	4
101	6	8
101	7	6
101	8	14
101	9	3
101	10	3
101	11	11
101	12	6
101	13	6
101	14	2
101	15	2
101	16	5
101	17	2
101	18	5
101	19	2
101	21	7
101	22	14
101	23	2
101	24	12
101	25	9
101	26	9
101	27	17
101	28	2
101	29	8
101	30	10
101	31	9
101	32	3
101	33	8
101	34	2
101	35	6
101	36	5
101	37	9
101	38	7
101	39	11
101	40	2
101	41	1
101	42	1
101	43	2
101	44	13
101	45	1
101	46	10
101	47	9
101	48	6
101	49	12
101	50	6
101	51	6
101	52	9
101	53	6
101	54	1
101	55	10
101	56	10
101	57	10
101	58	2
101	59	5
101	60	8
101	61	7
101	62	9
101	63	14
101	64	8
101	65	13
101	66	9
101	67	4
101	68	10
101	69	6
101	70	7
101	71	9
101	72	5
101	73	1
101	74	10
101	75	3
101	76	9
101	77	11
101	78	4
101	79	1
101	80	15
101	81	6
101	82	5
101	83	1
101	84	11
101	85	8
101	86	1
101	87	3
101	88	8
101	89	9
101	90	5
101	91	4
101	92	9
101	93	4
101	94	13
101	95	5
101	96	4
101	97	10
101	98	12
101	99	6
101	100	13
101	102	5
101	103	1
101	104	8
101	105	2
101	106	9
101	107	9
101	108	4
101	109	9
102	0	5
102	1	2
102	2	4
102	3	6
102	4	3
102	5	3
102	6	7
102	7	3
102	8	7
102	9	2
102	10	2
102	11	4
102	12	4
102	13	2
102	14	3
102	15	4
102	16	4
102	17	1
102	18	5
102	19	1
102	21	8
102	22	7
102	23	2
102	24	8
102	25	5
102	26	7
102	27	8
102	28	3
102	29	5
102	30	5
102	31	6
102	32	1
102	33	5
102	34	2
102	35	3
102	36	4
102	37	4
102	38	5
102	39	7
102	40	4
102	43	3
102	44	8
102	45	2
102	46	10
102	47	4
102	48	3
102	49	7
102	50	5
102	51	4
102	52	4
102	53	7
102	54	1
102	55	6
102	56	7
102	57	6
102	58	3
102	59	5
102	60	9
102	61	6
102	62	4
102	63	8
102	64	7
102	65	6
102	66	7
102	67	3
102	68	7
102	69	5
102	70	6
102	71	8
102	72	5
102	73	2
102	74	9
102	75	3
102	76	5
102	77	8
102	78	2
102	79	2
102	80	7
102	81	9
102	82	2
102	84	8
102	85	5
102	86	2
102	87	5
102	88	8
102	89	8
102	90	2
102	91	5
102	92	2
102	93	4
102	94	5
102	95	3
102	96	2
102	97	3
102	98	10
102	99	4
102	100	7
102	101	5
102	103	4
102	104	5
102	105	3
102	106	5
102	107	4
102	108	3
102	109	4
103	0	1
103	1	1
103	2	2
103	3	3
103	4	1
103	5	2
103	6	5
103	7	2
103	8	3
103	9	3
103	10	2
103	11	4
103	12	3
103	13	2
103	15	2
103	16	2
103	17	2
103	18	3
103	19	1
103	20	1
103	21	4
103	22	4
103	23	1
103	24	5
103	25	4
103	26	5
103	27	6
103	28	2
103	29	2
103	30	4
103	31	3
103	32	2
103	33	2
103	34	1
103	35	4
103	36	2
103	37	1
103	38	2
103	39	2
103	40	2
103	41	2
103	42	1
103	43	3
103	44	5
103	46	5
103	47	2
103	48	1
103	49	3
103	50	4
103	51	2
103	52	3
103	53	5
103	54	1
103	55	4
103	56	5
103	57	2
103	58	2
103	59	1
103	60	5
103	61	5
103	63	4
103	64	6
103	65	2
103	66	4
103	68	4
103	69	1
103	70	5
103	71	6
103	72	6
103	73	5
103	74	4
103	75	2
103	76	5
103	77	5
103	79	5
103	80	5
103	81	6
103	82	2
103	83	1
103	84	4
103	85	2
103	86	3
103	87	4
103	88	4
103	89	3
103	90	1
103	91	2
103	92	2
103	94	2
103	95	3
103	96	2
103	97	2
103	98	5
103	99	4
103	100	3
103	101	1
103	102	4
103	104	4
103	105	2
103	106	2
103	107	3
103	108	1
103	109	5
104	0	3
104	1	3
104	2	4
104	3	10
104	4	3
104	5	1
104	6	9
104	7	5
104	8	9
104	9	3
104	10	3
104	11	7
104	12	5
104	13	4
104	14	1
104	15	2
104	16	5
104	17	2
104	18	8
104	19	2
104	20	3
104	21	5
104	22	10
104	23	1
104	24	9
104	25	9
104	26	9
104	27	11
104	28	2
104	29	7
104	30	7
104	31	6
104	32	2
104	33	5
104	34	1
104	35	9
104	36	3
104	37	5
104	38	5
104	39	11
104	40	3
104	41	2
104	42	1
104	43	6
104	44	13
104	46	12
104	47	6
104	48	4
104	49	7
104	50	4
104	51	8
104	52	5
104	53	8
104	54	3
104	55	7
104	56	9
104	57	7
104	58	2
104	59	4
104	60	8
104	61	10
104	62	6
104	63	9
104	64	8
104	65	7
104	66	10
104	67	1
104	68	6
104	69	5
104	70	8
104	71	11
104	72	8
104	73	4
104	74	9
104	75	4
104	76	9
104	77	12
104	78	1
104	79	3
104	80	14
104	81	11
104	82	3
104	83	1
104	84	12
104	85	6
104	86	2
104	87	7
104	88	7
104	89	10
104	90	3
104	91	3
104	92	6
104	93	3
104	94	9
104	95	2
104	96	5
104	97	6
104	98	11
104	99	6
104	100	11
104	101	8
104	102	5
104	103	4
104	105	2
104	106	6
104	107	5
104	108	2
104	109	10
105	0	1
105	2	3
105	3	1
105	4	1
105	5	1
105	6	3
105	7	3
105	8	2
105	9	4
105	10	2
105	11	6
105	12	4
105	13	3
105	15	4
105	16	2
105	17	2
105	18	1
105	19	1
105	20	1
105	21	4
105	22	3
105	23	1
105	24	4
105	25	3
105	26	4
105	27	6
105	28	1
105	29	4
105	30	3
105	31	3
105	32	1
105	33	4
105	35	1
105	36	1
105	37	4
105	38	4
105	39	3
105	42	1
105	43	3
105	44	5
105	45	1
105	46	8
105	47	4
105	48	2
105	49	5
105	50	3
105	51	4
105	52	3
105	53	6
105	54	1
105	55	1
105	56	4
105	57	3
105	58	3
105	60	4
105	61	4
105	62	3
105	63	4
105	64	3
105	65	3
105	66	3
105	67	4
105	68	5
105	69	2
105	70	5
105	71	5
105	72	1
105	73	1
105	74	4
105	75	1
105	76	3
105	77	6
105	79	2
105	80	4
105	81	6
105	84	3
105	85	4
105	86	2
105	87	4
105	88	4
105	89	1
105	90	2
105	91	2
105	92	3
105	93	2
105	94	5
105	95	3
105	97	3
105	98	4
105	99	4
105	100	6
105	101	2
105	102	3
105	103	2
105	104	2
105	106	1
105	107	2
105	108	1
105	109	5
106	0	4
106	1	7
106	2	6
106	3	9
106	4	1
106	5	3
106	6	8
106	7	6
106	8	9
106	9	3
106	10	2
106	11	8
106	12	2
106	13	4
106	14	3
106	15	2
106	16	6
106	17	1
106	18	7
106	19	1
106	20	1
106	21	7
106	22	5
106	23	2
106	24	8
106	25	6
106	26	10
106	27	9
106	28	2
106	29	6
106	30	5
106	31	8
106	32	3
106	33	5
106	34	1
106	35	7
106	36	3
106	37	5
106	38	5
106	39	10
106	40	1
106	41	1
106	43	5
106	44	9
106	46	11
106	47	8
106	48	3
106	49	6
106	50	4
106	51	4
106	52	6
106	53	6
106	55	10
106	56	9
106	57	8
106	58	2
106	59	3
106	60	7
106	61	10
106	62	5
106	63	9
106	64	6
106	65	7
106	66	7
106	67	2
106	68	9
106	69	3
106	70	7
106	71	9
106	72	5
106	73	1
106	74	7
106	75	4
106	76	5
106	77	7
106	78	1
106	79	1
106	80	9
106	81	8
106	82	5
106	84	10
106	85	3
106	86	3
106	87	2
106	88	4
106	89	8
106	90	3
106	91	1
106	92	2
106	93	3
106	94	6
106	95	7
106	96	3
106	97	5
106	98	10
106	99	4
106	100	6
106	101	9
106	102	5
106	103	2
106	104	6
106	105	1
106	107	7
106	108	4
106	109	3
107	0	4
107	1	3
107	2	7
107	3	5
107	4	4
107	5	3
107	6	7
107	7	6
107	8	9
107	9	4
107	10	2
107	11	8
107	12	3
107	13	7
107	15	3
107	16	3
107	17	3
107	18	4
107	19	1
107	21	7
107	22	9
107	23	2
107	24	8
107	25	5
107	26	11
107	27	13
107	28	2
107	29	9
107	30	5
107	31	8
107	32	5
107	33	6
107	34	2
107	35	4
107	36	4
107	37	7
107	38	4
107	39	9
107	40	1
107	41	1
107	43	5
107	44	11
107	45	1
107	46	9
107	47	8
107	48	5
107	49	9
107	50	4
107	51	6
107	52	11
107	53	8
107	55	5
107	56	9
107	57	6
107	58	2
107	59	2
107	60	6
107	61	6
107	62	4
107	63	10
107	64	5
107	65	7
107	66	6
107	67	2
107	68	8
107	69	5
107	70	5
107	71	8
107	72	6
107	73	3
107	74	7
107	75	3
107	76	5
107	77	6
107	78	3
107	79	3
107	80	12
107	81	8
107	82	4
107	83	1
107	84	9
107	85	5
107	87	4
107	88	6
107	89	6
107	90	3
107	91	2
107	92	7
107	93	3
107	94	10
107	95	7
107	96	6
107	97	5
107	98	10
107	99	7
107	100	6
107	101	9
107	102	4
107	103	3
107	104	5
107	105	2
107	106	7
107	108	3
107	109	7
108	1	2
108	2	1
108	3	3
108	4	2
108	5	3
108	6	3
108	7	2
108	8	3
108	11	5
108	12	3
108	13	1
108	14	2
108	15	2
108	16	5
108	18	3
108	19	2
108	20	2
108	21	5
108	22	5
108	24	4
108	25	4
108	26	2
108	27	4
108	29	8
108	30	4
108	31	3
108	33	4
108	35	4
108	36	1
108	37	1
108	38	3
108	39	4
108	40	2
108	41	1
108	42	1
108	44	6
108	45	1
108	46	4
108	47	4
108	48	4
108	49	6
108	50	3
108	51	3
108	52	3
108	53	6
108	54	1
108	55	5
108	56	3
108	57	2
108	58	1
108	59	1
108	60	2
108	61	5
108	62	3
108	63	6
108	64	2
108	65	4
108	66	2
108	67	1
108	68	3
108	69	2
108	70	6
108	71	4
108	72	1
108	73	1
108	74	4
108	75	1
108	76	5
108	77	4
108	78	1
108	79	1
108	80	8
108	81	5
108	82	3
108	84	5
108	85	1
108	86	4
108	87	2
108	88	5
108	89	8
108	90	1
108	91	2
108	92	4
108	93	2
108	94	2
108	95	2
108	96	2
108	97	3
108	98	6
108	99	3
108	100	5
108	101	4
108	102	3
108	103	1
108	104	2
108	105	1
108	106	4
108	107	3
108	109	2
109	0	4
109	1	1
109	2	7
109	3	5
109	4	4
109	5	2
109	6	8
109	7	5
109	8	6
109	9	6
109	10	3
109	11	9
109	12	4
109	13	5
109	15	5
109	16	2
109	17	5
109	18	7
109	19	2
109	20	3
109	21	5
109	22	8
109	23	4
109	24	6
109	25	6
109	26	14
109	27	14
109	28	2
109	29	9
109	30	6
109	31	9
109	32	4
109	33	7
109	34	1
109	35	5
109	36	3
109	37	7
109	38	5
109	39	13
109	40	3
109	41	1
109	42	1
109	43	6
109	44	7
109	45	3
109	46	10
109	47	7
109	48	5
109	49	14
109	50	6
109	51	8
109	52	9
109	53	8
109	54	1
109	55	8
109	56	7
109	57	5
109	58	5
109	59	1
109	60	9
109	61	7
109	62	5
109	63	7
109	64	10
109	65	7
109	66	7
109	67	3
109	68	9
109	69	4
109	70	7
109	71	8
109	72	5
109	73	3
109	74	9
109	75	4
109	76	11
109	77	10
109	78	1
109	79	4
109	80	13
109	81	10
109	83	1
109	84	8
109	85	7
109	86	2
109	87	7
109	88	7
109	89	4
109	90	4
109	91	3
109	92	7
109	93	5
109	94	7
109	95	5
109	96	3
109	97	6
109	98	10
109	99	8
109	100	10
109	101	9
109	102	4
109	103	5
109	104	10
109	105	5
109	106	3
109	107	7
109	108	2
