33	0.0302847391317921
32	0.00514891330029318
21	0.0195314901208924
63	0.0275086772969458
7	0.00552640650639495
26	0.0117363864620174
18	0.0128019841971127
16	0.0109312414093843
44	0.0181913651642852
55	0.0108652905351257
27	0.00832279254752348
57	0.0122093717070408
61	0.0219331787956022
20	0.00421432461128015
10	0.0186578178715345
31	0.00283320116781923
35	0.0331687363967305
11	0.0121306907537207
48	0.0198198903073788
65	0.00448493175980579
29	0.0259369010355045
50	0.0102673295713666
39	0.00538866825277178
64	0.0145912262525584
12	0.00875006685739086
58	0.0146917930791426
41	0.0122736217470444
15	0.0223958302409154
52	0.0171093203461172
60	0.01162114463417
56	0.00757046723107899
45	0.00572854583360431
66	0.0104948032737225
19	0.0163315933788941
62	0.0177352161542777
54	0.00373595014084265
67	0.02562735513344
2	0.0088624318947303
17	0.0310103048483055
1	0.00735909164666179
30	0.0308821787436654
25	0.0296394661442214
28	0.0106667565876453
40	0.0179603873251463
14	0.0198197041020812
59	0.0126384215155634
49	0.0150727099775854
24	0.00301861951031574
53	0.0286433218675148
42	0.0415907794063372
22	0.0182249638644244
46	0.020369163724603
0	0.00800777947016761
13	0.00653477914761612
23	0.00519598692589371
6	0.0143606292974354
36	0.00880418633741097
3	0.00605515393073958
9	0.0169960036827956
51	0.0166022949798212
47	0.0136974900698071
38	0.0225360287727205
8	0.0166130689678827
4	0.0122049808686415
34	0.00418717316212138
37	0.0131996038905321
43	0.0138927848792073
5	0.00480249125288424
