0	1	9
0	2	6
0	3	8
0	4	8
0	5	2
0	6	11
0	7	1
0	8	2
0	9	10
0	10	1
0	11	4
0	12	7
0	13	2
0	14	7
0	15	3
0	16	1
0	18	3
0	19	1
0	20	1
0	21	1
0	22	2
0	23	9
0	24	2
0	25	3
0	26	5
0	27	11
0	28	4
0	29	2
0	31	6
0	32	10
0	33	5
0	34	1
0	35	3
0	36	1
0	37	4
0	38	1
0	39	2
0	40	6
0	41	4
0	42	1
0	43	10
0	44	5
0	45	4
0	46	6
0	47	8
0	48	9
0	49	9
0	50	5
0	51	5
0	52	5
0	53	10
0	54	2
0	55	6
0	56	6
0	57	6
0	58	2
0	59	6
0	60	4
0	61	3
0	62	4
0	63	9
0	64	9
0	65	4
0	66	5
0	67	6
0	68	3
0	69	11
0	70	6
0	71	10
0	72	6
0	73	9
0	74	5
0	75	8
0	76	1
0	77	3
0	78	6
0	79	10
0	80	9
0	81	1
0	82	1
0	83	3
0	84	8
0	85	3
0	86	5
0	87	6
0	88	3
0	89	8
0	90	7
0	91	8
0	92	8
0	93	9
0	94	11
0	95	3
0	96	5
0	97	4
0	98	9
0	99	2
0	100	9
0	101	8
0	102	10
0	103	7
0	105	8
0	106	4
0	107	9
0	108	5
0	109	5
0	110	1
0	111	6
0	112	3
0	113	2
1	0	9
1	2	6
1	3	9
1	4	8
1	5	4
1	6	10
1	7	2
1	8	1
1	9	10
1	10	1
1	11	7
1	12	10
1	13	5
1	14	7
1	15	4
1	16	3
1	18	5
1	19	1
1	20	2
1	21	1
1	22	3
1	23	5
1	24	2
1	25	5
1	26	3
1	27	8
1	28	4
1	29	5
1	31	5
1	32	6
1	33	5
1	35	2
1	36	1
1	37	6
1	38	2
1	39	3
1	40	6
1	41	7
1	42	1
1	43	15
1	44	4
1	45	5
1	46	5
1	47	6
1	48	10
1	49	10
1	50	3
1	51	5
1	52	8
1	53	14
1	54	4
1	55	6
1	56	8
1	57	4
1	58	3
1	59	7
1	60	3
1	61	1
1	62	4
1	63	10
1	64	6
1	65	5
1	66	10
1	67	2
1	68	4
1	69	14
1	70	7
1	71	14
1	72	4
1	73	11
1	74	4
1	75	5
1	77	7
1	78	11
1	79	8
1	80	7
1	82	1
1	83	3
1	84	7
1	85	2
1	86	5
1	87	8
1	88	3
1	89	9
1	90	5
1	91	14
1	92	9
1	93	9
1	94	9
1	95	1
1	96	9
1	97	4
1	98	9
1	99	4
1	100	10
1	101	13
1	102	11
1	103	5
1	104	1
1	105	10
1	106	3
1	107	8
1	108	4
1	109	5
1	110	1
1	111	6
1	112	5
1	113	6
2	0	6
2	1	6
2	3	6
2	4	7
2	5	5
2	6	6
2	7	2
2	8	5
2	9	6
2	11	5
2	12	7
2	13	3
2	14	4
2	15	2
2	16	1
2	17	2
2	18	4
2	19	2
2	20	1
2	21	1
2	23	7
2	24	1
2	25	4
2	26	4
2	27	6
2	28	5
2	29	3
2	31	5
2	32	5
2	33	6
2	35	3
2	36	2
2	37	6
2	38	1
2	39	4
2	40	6
2	41	5
2	42	1
2	43	10
2	44	2
2	45	6
2	46	2
2	47	5
2	48	7
2	49	12
2	50	5
2	51	7
2	52	4
2	53	12
2	54	2
2	55	6
2	56	10
2	57	8
2	58	3
2	59	5
2	60	4
2	61	2
2	62	6
2	63	6
2	64	6
2	65	5
2	66	5
2	67	7
2	68	3
2	69	13
2	70	8
2	71	7
2	72	5
2	73	8
2	74	5
2	75	4
2	77	3
2	78	8
2	79	9
2	80	7
2	82	2
2	83	4
2	84	10
2	85	3
2	86	6
2	87	6
2	88	3
2	89	6
2	90	6
2	91	6
2	92	6
2	93	8
2	94	9
2	96	7
2	97	4
2	98	11
2	99	3
2	100	8
2	101	9
2	102	13
2	103	9
2	104	1
2	105	6
2	106	4
2	107	11
2	108	4
2	109	7
2	111	4
2	112	3
2	113	1
3	0	8
3	1	9
3	2	6
3	4	7
3	5	3
3	6	11
3	7	1
3	8	1
3	9	6
3	10	1
3	11	6
3	12	10
3	13	4
3	14	6
3	15	5
3	16	2
3	18	4
3	19	1
3	20	2
3	21	1
3	22	2
3	23	4
3	24	2
3	25	4
3	26	4
3	27	8
3	28	6
3	29	4
3	30	1
3	31	3
3	32	6
3	33	6
3	35	5
3	36	1
3	37	2
3	38	3
3	39	5
3	40	4
3	41	7
3	42	1
3	43	10
3	44	4
3	45	7
3	46	4
3	47	7
3	48	7
3	49	11
3	50	4
3	51	4
3	52	7
3	53	12
3	54	3
3	55	6
3	56	9
3	57	5
3	58	3
3	59	6
3	60	2
3	61	1
3	62	4
3	63	10
3	64	7
3	65	5
3	66	5
3	67	3
3	68	4
3	69	14
3	70	7
3	71	11
3	72	5
3	73	13
3	74	4
3	75	4
3	77	4
3	78	10
3	79	7
3	80	12
3	82	1
3	83	3
3	84	6
3	85	2
3	86	10
3	87	11
3	88	3
3	89	5
3	90	7
3	91	8
3	92	9
3	93	10
3	94	8
3	95	1
3	96	6
3	97	3
3	98	11
3	99	4
3	100	9
3	101	10
3	102	9
3	103	8
3	104	5
3	105	8
3	106	4
3	107	11
3	108	5
3	109	9
3	110	1
3	111	6
3	112	2
3	113	1
4	0	8
4	1	8
4	2	7
4	3	7
4	5	4
4	6	11
4	7	1
4	8	2
4	9	8
4	11	5
4	12	6
4	13	3
4	14	5
4	15	3
4	16	3
4	17	1
4	18	3
4	19	1
4	20	2
4	21	1
4	22	4
4	23	6
4	24	1
4	25	3
4	26	7
4	27	8
4	28	3
4	29	4
4	31	5
4	32	6
4	33	5
4	35	2
4	36	2
4	37	6
4	38	2
4	39	3
4	40	5
4	41	5
4	42	1
4	43	8
4	44	5
4	45	4
4	46	3
4	47	7
4	48	6
4	49	7
4	50	3
4	51	2
4	52	5
4	53	10
4	54	1
4	55	5
4	56	7
4	57	4
4	58	4
4	59	6
4	60	5
4	61	5
4	62	4
4	63	9
4	64	4
4	65	4
4	66	5
4	67	5
4	68	5
4	69	12
4	70	4
4	71	8
4	72	5
4	73	9
4	74	3
4	75	6
4	77	7
4	78	8
4	79	8
4	80	8
4	82	2
4	83	3
4	84	6
4	85	2
4	86	3
4	87	8
4	88	4
4	89	9
4	90	7
4	91	7
4	92	10
4	93	11
4	94	12
4	95	2
4	96	3
4	97	4
4	98	7
4	99	1
4	100	9
4	101	10
4	102	9
4	103	6
4	104	1
4	105	8
4	106	3
4	107	8
4	108	4
4	109	6
4	110	3
4	111	5
4	112	3
4	113	3
5	0	2
5	1	4
5	2	5
5	3	3
5	4	4
5	6	3
5	7	2
5	8	1
5	9	1
5	11	2
5	12	5
5	13	1
5	14	2
5	15	2
5	16	1
5	18	2
5	19	1
5	20	1
5	21	1
5	22	1
5	23	3
5	24	1
5	25	2
5	26	2
5	27	2
5	28	2
5	31	2
5	32	1
5	33	1
5	35	2
5	36	1
5	37	5
5	39	4
5	40	2
5	41	2
5	42	2
5	43	6
5	45	3
5	46	1
5	47	2
5	48	4
5	49	3
5	50	1
5	51	3
5	52	1
5	53	6
5	54	1
5	55	2
5	56	8
5	57	3
5	58	2
5	59	1
5	61	1
5	62	1
5	63	3
5	64	3
5	65	1
5	66	2
5	67	1
5	68	1
5	69	8
5	70	4
5	71	2
5	73	4
5	74	1
5	75	1
5	77	5
5	78	4
5	79	2
5	80	3
5	83	1
5	84	3
5	85	2
5	86	1
5	87	5
5	88	1
5	89	2
5	90	2
5	91	7
5	92	4
5	93	4
5	94	4
5	95	1
5	96	3
5	97	1
5	98	3
5	99	2
5	100	2
5	101	6
5	102	7
5	103	1
5	105	2
5	106	1
5	107	3
5	109	2
5	110	2
5	111	2
5	112	4
5	113	3
6	0	11
6	1	10
6	2	6
6	3	11
6	4	11
6	5	3
6	7	2
6	8	3
6	9	9
6	11	2
6	12	6
6	13	1
6	14	7
6	15	2
6	16	5
6	17	1
6	18	4
6	19	2
6	21	3
6	22	2
6	23	5
6	24	2
6	25	4
6	26	5
6	27	9
6	28	5
6	29	4
6	31	5
6	32	8
6	33	6
6	35	4
6	37	6
6	38	2
6	39	3
6	40	6
6	41	7
6	42	2
6	43	10
6	44	4
6	45	5
6	46	4
6	47	4
6	48	8
6	49	9
6	50	6
6	51	3
6	52	7
6	53	13
6	54	4
6	55	5
6	56	6
6	57	6
6	58	2
6	59	6
6	60	4
6	61	1
6	62	6
6	63	10
6	64	5
6	65	2
6	66	6
6	67	3
6	68	4
6	69	11
6	70	5
6	71	11
6	72	4
6	73	9
6	74	3
6	75	6
6	77	2
6	78	7
6	79	8
6	80	12
6	82	1
6	83	3
6	84	6
6	85	2
6	86	7
6	87	7
6	88	3
6	89	7
6	90	5
6	91	8
6	92	7
6	93	9
6	94	12
6	96	4
6	97	3
6	98	9
6	99	1
6	100	9
6	101	10
6	102	10
6	103	6
6	104	3
6	105	6
6	106	3
6	107	12
6	108	6
6	109	7
6	110	3
6	111	3
6	113	1
7	0	1
7	1	2
7	2	2
7	3	1
7	4	1
7	5	2
7	6	2
7	8	2
7	9	1
7	10	2
7	11	2
7	12	4
7	14	1
7	15	1
7	16	2
7	18	1
7	19	1
7	21	1
7	22	1
7	23	3
7	24	1
7	25	2
7	26	4
7	27	2
7	28	8
7	30	2
7	31	2
7	32	1
7	33	4
7	35	1
7	36	2
7	37	1
7	38	1
7	39	4
7	40	4
7	41	4
7	42	1
7	43	3
7	45	6
7	46	3
7	47	3
7	48	4
7	49	2
7	50	2
7	51	5
7	52	2
7	53	5
7	54	1
7	55	1
7	56	2
7	57	2
7	59	2
7	61	2
7	62	1
7	63	3
7	64	4
7	65	1
7	66	3
7	67	3
7	69	8
7	70	2
7	71	5
7	72	3
7	73	3
7	74	5
7	75	2
7	76	1
7	77	2
7	78	3
7	79	2
7	80	5
7	83	1
7	84	2
7	85	3
7	86	5
7	87	4
7	88	5
7	89	1
7	90	3
7	91	3
7	92	5
7	93	3
7	94	1
7	96	2
7	97	1
7	98	2
7	99	2
7	100	1
7	101	2
7	102	3
7	103	1
7	104	1
7	105	1
7	106	4
7	107	3
7	108	2
7	109	4
7	110	1
7	111	4
7	112	1
7	113	3
8	0	2
8	1	1
8	2	5
8	3	1
8	4	2
8	5	1
8	6	3
8	7	2
8	9	2
8	11	2
8	12	2
8	13	1
8	14	2
8	16	2
8	17	1
8	19	3
8	21	1
8	23	4
8	26	5
8	27	3
8	28	4
8	29	1
8	31	3
8	32	3
8	33	3
8	36	1
8	37	5
8	38	1
8	39	3
8	40	3
8	41	3
8	42	1
8	43	4
8	44	2
8	45	3
8	46	3
8	47	3
8	48	5
8	49	3
8	50	3
8	51	3
8	52	2
8	53	6
8	54	1
8	55	2
8	56	1
8	57	5
8	58	2
8	59	3
8	60	3
8	61	2
8	62	3
8	63	4
8	64	3
8	65	1
8	66	5
8	67	4
8	68	1
8	69	4
8	70	2
8	71	7
8	72	4
8	73	3
8	74	1
8	75	2
8	76	1
8	77	4
8	78	3
8	79	3
8	80	5
8	82	1
8	83	1
8	84	3
8	85	3
8	86	3
8	87	4
8	88	1
8	89	4
8	90	3
8	91	4
8	92	4
8	93	6
8	94	3
8	95	1
8	96	2
8	97	1
8	98	3
8	99	1
8	100	6
8	101	2
8	102	5
8	103	4
8	104	1
8	105	4
8	106	2
8	107	4
8	108	3
8	109	4
8	110	2
8	111	4
8	112	1
8	113	2
9	0	10
9	1	10
9	2	6
9	3	6
9	4	8
9	5	1
9	6	9
9	7	1
9	8	2
9	11	4
9	12	8
9	13	3
9	14	5
9	15	3
9	16	3
9	17	1
9	18	2
9	19	1
9	20	2
9	21	1
9	22	1
9	23	6
9	24	2
9	25	4
9	26	5
9	27	7
9	28	3
9	29	2
9	31	6
9	32	10
9	33	5
9	35	2
9	36	1
9	37	4
9	38	2
9	39	2
9	40	6
9	41	4
9	42	1
9	43	10
9	44	5
9	45	3
9	46	7
9	47	7
9	48	7
9	49	7
9	50	4
9	51	4
9	52	8
9	53	10
9	54	3
9	55	7
9	56	6
9	57	8
9	58	3
9	59	6
9	60	4
9	61	3
9	62	5
9	63	9
9	64	7
9	65	3
9	66	6
9	67	7
9	68	3
9	69	10
9	70	4
9	71	10
9	72	5
9	73	10
9	74	4
9	75	6
9	76	1
9	77	4
9	78	8
9	79	8
9	80	6
9	82	2
9	83	2
9	84	6
9	85	3
9	86	4
9	87	7
9	88	6
9	89	7
9	90	6
9	91	11
9	92	8
9	93	11
9	94	8
9	96	5
9	97	5
9	98	8
9	99	4
9	100	9
9	101	9
9	102	12
9	103	6
9	104	1
9	105	10
9	106	5
9	107	10
9	108	4
9	109	6
9	110	1
9	111	4
9	112	3
9	113	4
10	0	1
10	1	1
10	3	1
10	7	2
10	11	1
10	12	2
10	19	1
10	25	1
10	27	1
10	28	1
10	31	1
10	33	1
10	34	2
10	38	2
10	40	2
10	41	1
10	43	1
10	46	1
10	50	1
10	53	1
10	63	1
10	65	1
10	69	3
10	70	1
10	71	3
10	73	1
10	74	2
10	75	1
10	76	1
10	78	2
10	80	2
10	81	1
10	86	1
10	87	1
10	88	1
10	90	1
10	91	2
10	93	2
10	94	1
10	98	1
10	101	1
10	104	1
10	106	2
10	107	1
10	108	2
10	109	3
10	113	1
11	0	4
11	1	7
11	2	5
11	3	6
11	4	5
11	5	2
11	6	2
11	7	2
11	8	2
11	9	4
11	10	1
11	12	7
11	13	5
11	14	5
11	15	5
11	18	4
11	20	3
11	21	1
11	22	1
11	23	5
11	24	1
11	25	3
11	26	3
11	27	5
11	28	6
11	29	2
11	30	1
11	31	6
11	32	3
11	33	7
11	35	4
11	36	1
11	37	3
11	38	2
11	39	6
11	40	5
11	41	5
11	42	1
11	43	8
11	44	2
11	45	5
11	46	3
11	47	9
11	48	6
11	49	7
11	50	2
11	51	3
11	52	6
11	53	13
11	55	6
11	56	6
11	57	5
11	58	4
11	59	3
11	60	5
11	61	4
11	62	2
11	63	6
11	64	4
11	65	10
11	66	5
11	67	7
11	68	3
11	69	13
11	70	6
11	71	12
11	72	5
11	73	6
11	74	5
11	75	3
11	76	1
11	77	5
11	78	8
11	79	9
11	80	7
11	82	1
11	83	3
11	84	5
11	85	2
11	86	8
11	87	7
11	88	2
11	89	4
11	90	5
11	91	7
11	92	8
11	93	7
11	94	9
11	95	1
11	96	4
11	97	4
11	98	9
11	99	3
11	100	11
11	101	11
11	102	7
11	103	7
11	105	8
11	106	4
11	107	8
11	108	4
11	109	10
11	110	1
11	111	8
11	112	2
11	113	3
12	0	7
12	1	10
12	2	7
12	3	10
12	4	6
12	5	5
12	6	6
12	7	4
12	8	2
12	9	8
12	10	2
12	11	7
12	13	2
12	14	5
12	15	2
12	16	2
12	18	2
12	19	1
12	20	1
12	21	1
12	22	1
12	23	6
12	24	2
12	25	6
12	26	4
12	27	7
12	28	7
12	29	2
12	30	1
12	31	4
12	32	5
12	33	6
12	35	3
12	36	2
12	37	4
12	38	2
12	39	7
12	40	6
12	41	7
12	42	2
12	43	12
12	44	2
12	45	8
12	46	5
12	47	8
12	48	10
12	49	8
12	50	6
12	51	7
12	52	6
12	53	14
12	54	3
12	55	7
12	56	9
12	57	7
12	58	3
12	59	6
12	60	2
12	61	3
12	62	3
12	63	11
12	64	8
12	65	3
12	66	6
12	67	5
12	68	4
12	69	15
12	70	8
12	71	10
12	72	5
12	73	13
12	74	4
12	75	2
12	76	1
12	77	4
12	78	11
12	79	11
12	80	8
12	82	1
12	83	3
12	84	6
12	85	3
12	86	10
12	87	12
12	88	5
12	89	9
12	90	9
12	91	10
12	92	9
12	93	10
12	94	8
12	96	7
12	97	3
12	98	6
12	99	5
12	100	10
12	101	13
12	102	8
12	103	7
12	104	1
12	105	7
12	106	7
12	107	9
12	108	5
12	109	9
12	110	1
12	111	4
12	112	4
12	113	3
13	0	2
13	1	5
13	2	3
13	3	4
13	4	3
13	5	1
13	6	1
13	8	1
13	9	3
13	11	5
13	12	2
13	14	1
13	15	4
13	18	1
13	20	2
13	22	2
13	23	4
13	25	3
13	26	3
13	27	2
13	28	4
13	29	1
13	30	1
13	31	2
13	32	3
13	33	4
13	35	1
13	36	1
13	37	3
13	38	1
13	39	3
13	40	3
13	41	4
13	43	4
13	44	1
13	45	4
13	46	2
13	47	6
13	48	6
13	49	4
13	50	2
13	51	3
13	52	4
13	53	5
13	54	1
13	55	2
13	56	4
13	57	2
13	58	3
13	59	4
13	60	1
13	61	1
13	62	2
13	63	4
13	64	3
13	65	5
13	66	3
13	67	3
13	68	2
13	69	7
13	70	3
13	71	7
13	72	5
13	73	5
13	74	3
13	75	2
13	76	1
13	77	5
13	78	5
13	79	2
13	80	4
13	82	1
13	83	1
13	84	3
13	85	1
13	86	5
13	87	4
13	88	1
13	89	3
13	90	3
13	91	7
13	92	4
13	93	6
13	94	5
13	95	1
13	96	3
13	97	2
13	98	7
13	99	2
13	100	7
13	101	7
13	102	7
13	103	5
13	105	6
13	106	2
13	107	6
13	108	1
13	109	4
13	111	4
13	112	3
13	113	2
14	0	7
14	1	7
14	2	4
14	3	6
14	4	5
14	5	2
14	6	7
14	7	1
14	8	2
14	9	5
14	11	5
14	12	5
14	13	1
14	15	3
14	16	2
14	18	5
14	20	2
14	21	2
14	22	2
14	23	4
14	24	2
14	25	2
14	26	2
14	27	6
14	28	3
14	29	1
14	31	4
14	32	5
14	33	5
14	35	3
14	37	2
14	38	1
14	39	6
14	40	4
14	41	4
14	42	2
14	43	10
14	44	2
14	45	3
14	46	4
14	47	5
14	48	5
14	49	6
14	50	1
14	51	3
14	52	7
14	53	7
14	54	1
14	55	2
14	56	3
14	57	5
14	58	3
14	59	7
14	60	3
14	61	1
14	62	1
14	63	6
14	64	3
14	65	5
14	66	5
14	67	1
14	68	2
14	69	7
14	70	4
14	71	6
14	72	2
14	73	8
14	74	2
14	75	3
14	77	3
14	78	5
14	79	5
14	80	7
14	83	4
14	84	5
14	85	2
14	86	5
14	87	5
14	88	3
14	89	6
14	90	4
14	91	6
14	92	5
14	93	6
14	94	10
14	95	2
14	96	3
14	97	2
14	98	5
14	99	1
14	100	6
14	101	5
14	102	8
14	103	2
14	105	5
14	106	2
14	107	5
14	108	3
14	109	4
14	110	2
14	111	4
14	112	2
14	113	1
15	0	3
15	1	4
15	2	2
15	3	5
15	4	3
15	5	2
15	6	2
15	7	1
15	9	3
15	11	5
15	12	2
15	13	4
15	14	3
15	16	2
15	18	2
15	20	2
15	21	2
15	22	1
15	23	2
15	24	2
15	25	3
15	26	4
15	27	3
15	28	3
15	29	1
15	30	1
15	31	3
15	32	3
15	33	4
15	35	2
15	36	1
15	37	1
15	38	2
15	39	3
15	40	2
15	41	3
15	42	1
15	43	4
15	44	2
15	45	4
15	46	3
15	47	5
15	48	5
15	49	4
15	51	3
15	52	5
15	53	6
15	55	3
15	56	5
15	57	1
15	58	3
15	59	2
15	60	1
15	61	1
15	62	1
15	63	6
15	64	4
15	65	4
15	66	3
15	67	3
15	68	1
15	69	5
15	70	4
15	71	4
15	72	2
15	73	4
15	74	2
15	75	3
15	77	3
15	78	4
15	79	2
15	80	3
15	82	1
15	83	2
15	84	2
15	85	2
15	86	5
15	87	4
15	88	1
15	89	1
15	90	4
15	91	4
15	92	5
15	93	3
15	94	4
15	95	1
15	96	3
15	97	2
15	98	6
15	99	3
15	100	6
15	101	5
15	102	4
15	103	4
15	105	4
15	106	1
15	107	4
15	109	3
15	110	1
15	111	7
15	112	2
15	113	2
16	0	1
16	1	3
16	2	1
16	3	2
16	4	3
16	5	1
16	6	5
16	7	2
16	8	2
16	9	3
16	12	2
16	14	2
16	15	2
16	18	1
16	19	3
16	21	1
16	23	2
16	24	1
16	25	1
16	26	4
16	27	4
16	28	2
16	29	1
16	30	1
16	31	3
16	32	2
16	33	3
16	35	2
16	36	1
16	37	2
16	38	1
16	39	2
16	40	4
16	41	5
16	42	2
16	43	4
16	44	4
16	45	3
16	46	2
16	48	4
16	49	2
16	50	1
16	51	3
16	52	5
16	53	5
16	54	2
16	56	2
16	57	1
16	58	1
16	59	3
16	60	1
16	61	3
16	62	1
16	63	4
16	64	2
16	65	1
16	66	5
16	67	3
16	68	1
16	69	4
16	70	4
16	71	5
16	72	1
16	73	2
16	74	1
16	75	2
16	77	4
16	78	1
16	79	3
16	80	5
16	83	1
16	85	1
16	86	3
16	87	4
16	88	3
16	89	2
16	90	4
16	91	3
16	92	4
16	93	3
16	94	4
16	96	2
16	98	3
16	99	1
16	100	3
16	101	6
16	102	3
16	103	2
16	104	1
16	105	2
16	106	3
16	107	4
16	108	2
16	109	2
16	110	1
16	111	2
16	113	3
17	2	2
17	4	1
17	6	1
17	8	1
17	9	1
17	19	1
17	26	1
17	29	1
17	31	1
17	32	1
17	37	1
17	38	1
17	43	1
17	44	1
17	49	2
17	50	1
17	53	1
17	55	1
17	56	1
17	57	1
17	58	1
17	60	2
17	62	1
17	67	1
17	68	1
17	69	1
17	73	1
17	78	1
17	82	1
17	84	2
17	85	1
17	89	1
17	93	2
17	94	1
17	97	1
17	100	1
17	102	2
17	103	1
17	104	1
17	107	1
17	108	1
17	109	1
18	0	3
18	1	5
18	2	4
18	3	4
18	4	3
18	5	2
18	6	4
18	7	1
18	9	2
18	11	4
18	12	2
18	13	1
18	14	5
18	15	2
18	16	1
18	19	1
18	20	1
18	21	3
18	22	1
18	23	4
18	24	1
18	25	1
18	27	4
18	28	2
18	29	2
18	31	2
18	32	1
18	33	3
18	35	2
18	37	1
18	39	3
18	40	4
18	41	3
18	42	1
18	43	5
18	44	1
18	45	3
18	46	1
18	47	3
18	48	1
18	49	5
18	51	2
18	52	2
18	53	4
18	54	1
18	55	2
18	56	3
18	57	2
18	58	2
18	59	1
18	60	2
18	62	1
18	63	2
18	64	1
18	65	3
18	66	2
18	67	1
18	68	2
18	69	4
18	70	4
18	71	4
18	72	1
18	73	3
18	74	2
18	75	2
18	77	2
18	78	6
18	79	4
18	80	3
18	83	2
18	84	3
18	85	1
18	86	3
18	87	2
18	89	2
18	90	3
18	91	3
18	92	3
18	93	2
18	94	3
18	95	1
18	96	2
18	97	2
18	98	4
18	99	1
18	100	3
18	101	4
18	102	4
18	103	2
18	104	1
18	105	3
18	106	2
18	107	6
18	108	1
18	109	1
18	111	3
18	112	1
18	113	1
19	0	1
19	1	1
19	2	2
19	3	1
19	4	1
19	5	1
19	6	2
19	7	1
19	8	3
19	9	1
19	10	1
19	12	1
19	16	3
19	17	1
19	18	1
19	23	2
19	26	3
19	27	3
19	28	1
19	29	2
19	30	1
19	31	2
19	32	2
19	34	1
19	36	1
19	37	3
19	38	1
19	39	1
19	40	3
19	41	2
19	43	3
19	44	3
19	45	2
19	46	1
19	47	1
19	48	2
19	49	3
19	50	2
19	53	4
19	54	2
19	55	2
19	56	2
19	57	2
19	58	1
19	59	1
19	60	1
19	61	1
19	62	2
19	63	1
19	64	2
19	66	3
19	67	2
19	68	1
19	69	3
19	70	3
19	71	4
19	73	1
19	76	1
19	77	3
19	78	2
19	79	1
19	80	2
19	82	1
19	84	1
19	85	3
19	86	1
19	87	1
19	88	1
19	89	1
19	90	1
19	91	2
19	92	3
19	93	4
19	94	1
19	95	1
19	96	1
19	97	1
19	98	1
19	99	1
19	100	2
19	101	2
19	102	3
19	103	2
19	104	2
19	105	1
19	106	1
19	107	2
19	108	1
19	109	1
19	111	1
19	113	1
20	0	1
20	1	2
20	2	1
20	3	2
20	4	2
20	5	1
20	9	2
20	11	3
20	12	1
20	13	2
20	14	2
20	15	2
20	18	1
20	22	1
20	23	1
20	26	1
20	29	2
20	32	2
20	33	2
20	36	1
20	37	2
20	39	1
20	43	3
20	44	1
20	45	1
20	46	1
20	47	3
20	48	1
20	49	2
20	51	1
20	52	3
20	53	3
20	55	2
20	56	2
20	58	2
20	59	4
20	60	2
20	61	1
20	62	2
20	63	2
20	64	1
20	65	2
20	66	2
20	67	1
20	68	1
20	69	3
20	70	2
20	71	1
20	72	1
20	73	2
20	74	2
20	77	4
20	78	2
20	80	1
20	82	1
20	83	1
20	84	1
20	86	1
20	87	2
20	88	1
20	89	1
20	90	1
20	91	2
20	92	2
20	93	3
20	94	1
20	95	1
20	96	1
20	97	1
20	98	3
20	99	1
20	100	2
20	101	1
20	102	2
20	103	1
20	104	1
20	105	2
20	109	1
20	111	2
20	112	2
20	113	1
21	0	1
21	1	1
21	2	1
21	3	1
21	4	1
21	5	1
21	6	3
21	7	1
21	8	1
21	9	1
21	11	1
21	12	1
21	14	2
21	15	2
21	16	1
21	18	3
21	23	3
21	24	1
21	25	1
21	26	1
21	27	1
21	28	1
21	31	1
21	32	1
21	33	2
21	35	1
21	37	1
21	39	2
21	40	3
21	41	2
21	42	2
21	43	1
21	45	2
21	46	2
21	47	1
21	48	2
21	49	1
21	51	1
21	52	2
21	53	2
21	55	1
21	56	1
21	57	2
21	59	1
21	60	1
21	61	1
21	62	1
21	63	2
21	64	1
21	66	2
21	69	2
21	70	1
21	71	2
21	73	1
21	74	1
21	75	1
21	77	1
21	78	3
21	79	1
21	80	2
21	83	2
21	84	1
21	85	1
21	90	2
21	91	1
21	92	1
21	93	1
21	94	1
21	96	1
21	97	1
21	99	1
21	100	2
21	101	1
21	102	1
21	103	2
21	105	1
21	107	2
21	109	2
21	111	1
21	112	1
21	113	1
22	0	2
22	1	3
22	3	2
22	4	4
22	5	1
22	6	2
22	7	1
22	9	1
22	11	1
22	12	1
22	13	2
22	14	2
22	15	1
22	18	1
22	20	1
22	26	2
22	27	3
22	28	1
22	33	1
22	36	1
22	39	1
22	40	1
22	43	3
22	44	1
22	47	3
22	48	1
22	49	2
22	50	2
22	52	1
22	53	2
22	55	1
22	56	2
22	57	1
22	58	1
22	59	2
22	60	1
22	61	1
22	63	1
22	65	2
22	68	1
22	69	4
22	70	2
22	71	2
22	73	2
22	77	4
22	78	1
22	79	3
22	86	2
22	87	3
22	88	1
22	89	4
22	90	2
22	91	4
22	92	2
22	93	3
22	94	2
22	95	2
22	98	2
22	100	2
22	102	3
22	104	1
22	105	3
22	107	3
22	109	2
22	111	1
22	112	1
22	113	2
23	0	9
23	1	5
23	2	7
23	3	4
23	4	6
23	5	3
23	6	5
23	7	3
23	8	4
23	9	6
23	11	5
23	12	6
23	13	4
23	14	4
23	15	2
23	16	2
23	18	4
23	19	2
23	20	1
23	21	3
23	24	1
23	25	2
23	26	5
23	27	9
23	28	7
23	29	2
23	31	6
23	32	5
23	33	7
23	35	2
23	36	2
23	37	6
23	39	6
23	40	8
23	41	6
23	42	2
23	43	6
23	44	2
23	45	8
23	46	6
23	47	8
23	48	11
23	49	6
23	50	3
23	51	5
23	52	6
23	53	11
23	54	2
23	55	6
23	56	7
23	57	5
23	58	1
23	59	6
23	60	3
23	61	4
23	62	2
23	63	8
23	64	8
23	65	4
23	66	7
23	67	6
23	68	4
23	69	10
23	70	6
23	71	12
23	72	8
23	73	5
23	74	4
23	75	3
23	76	2
23	77	5
23	78	7
23	79	7
23	80	7
23	82	1
23	83	4
23	84	6
23	85	4
23	86	4
23	87	5
23	88	3
23	89	6
23	90	7
23	91	9
23	92	8
23	93	10
23	94	11
23	95	2
23	96	5
23	97	3
23	98	8
23	99	3
23	100	9
23	101	7
23	102	9
23	103	7
23	105	6
23	106	5
23	107	9
23	108	2
23	109	4
23	111	6
23	112	2
23	113	1
24	0	2
24	1	2
24	2	1
24	3	2
24	4	1
24	5	1
24	6	2
24	7	1
24	9	2
24	11	1
24	12	2
24	14	2
24	15	2
24	16	1
24	18	1
24	21	1
24	23	1
24	25	2
24	26	1
24	27	1
24	28	1
24	31	2
24	32	2
24	33	2
24	35	1
24	38	1
24	39	1
24	40	1
24	41	2
24	42	1
24	43	2
24	44	1
24	45	1
24	46	2
24	47	1
24	48	2
24	49	1
24	51	1
24	52	2
24	53	3
24	54	1
24	55	1
24	56	1
24	57	1
24	59	1
24	63	2
24	64	2
24	66	2
24	69	2
24	70	1
24	71	2
24	72	1
24	73	3
24	74	1
24	75	2
24	78	1
24	79	2
24	80	2
24	83	1
24	84	1
24	85	1
24	86	1
24	87	1
24	88	1
24	90	1
24	91	2
24	92	2
24	93	1
24	94	1
24	96	1
24	97	1
24	98	1
24	99	1
24	100	1
24	101	2
24	102	2
24	103	1
24	105	2
24	107	2
24	109	2
24	110	2
24	111	2
25	0	3
25	1	5
25	2	4
25	3	4
25	4	3
25	5	2
25	6	4
25	7	2
25	9	4
25	10	1
25	11	3
25	12	6
25	13	3
25	14	2
25	15	3
25	16	1
25	18	1
25	21	1
25	23	2
25	24	2
25	26	2
25	27	4
25	28	5
25	30	3
25	31	6
25	32	4
25	33	6
25	35	3
25	37	1
25	38	3
25	39	4
25	40	7
25	41	6
25	42	1
25	43	7
25	44	1
25	45	4
25	46	2
25	47	4
25	48	8
25	49	5
25	50	2
25	51	3
25	52	5
25	53	10
25	54	2
25	55	5
25	56	6
25	57	2
25	58	2
25	59	2
25	62	3
25	63	6
25	64	5
25	65	3
25	66	4
25	67	2
25	68	2
25	69	10
25	70	4
25	71	7
25	72	4
25	73	8
25	74	2
25	75	3
25	76	1
25	77	2
25	78	4
25	79	6
25	80	5
25	83	1
25	84	4
25	85	2
25	86	6
25	87	3
25	88	3
25	89	2
25	90	3
25	91	7
25	92	6
25	93	4
25	94	6
25	96	4
25	97	1
25	98	6
25	99	2
25	100	8
25	101	10
25	102	6
25	103	7
25	104	1
25	105	3
25	106	4
25	107	8
25	108	3
25	109	6
25	110	1
25	111	3
25	112	1
25	113	4
26	0	5
26	1	3
26	2	4
26	3	4
26	4	7
26	5	2
26	6	5
26	7	4
26	8	5
26	9	5
26	11	3
26	12	4
26	13	3
26	14	2
26	15	4
26	16	4
26	17	1
26	19	3
26	20	1
26	21	1
26	22	2
26	23	5
26	24	1
26	25	2
26	27	6
26	28	5
26	29	2
26	30	1
26	31	6
26	32	5
26	33	4
26	35	2
26	36	3
26	37	6
26	38	3
26	39	6
26	40	5
26	41	7
26	42	1
26	43	8
26	44	6
26	45	5
26	46	5
26	47	4
26	48	9
26	49	4
26	50	4
26	51	1
26	52	5
26	53	9
26	54	1
26	55	4
26	56	4
26	57	4
26	58	5
26	59	5
26	60	4
26	61	4
26	62	2
26	63	7
26	64	6
26	65	4
26	66	7
26	67	3
26	68	2
26	69	9
26	70	3
26	71	9
26	72	3
26	73	4
26	74	4
26	75	1
26	76	1
26	77	6
26	78	4
26	79	5
26	80	6
26	82	2
26	83	2
26	84	3
26	85	5
26	86	7
26	87	8
26	88	5
26	89	5
26	90	5
26	91	6
26	92	8
26	93	8
26	94	8
26	95	1
26	96	3
26	97	2
26	98	4
26	99	2
26	100	7
26	101	6
26	102	7
26	103	6
26	104	2
26	105	6
26	106	3
26	107	7
26	108	1
26	109	5
26	110	1
26	111	6
26	112	1
26	113	4
27	0	11
27	1	8
27	2	6
27	3	8
27	4	8
27	5	2
27	6	9
27	7	2
27	8	3
27	9	7
27	10	1
27	11	5
27	12	7
27	13	2
27	14	6
27	15	3
27	16	4
27	18	4
27	19	3
27	21	1
27	22	3
27	23	9
27	24	1
27	25	4
27	26	6
27	28	6
27	29	2
27	30	1
27	31	7
27	32	4
27	33	6
27	35	3
27	36	1
27	37	5
27	38	3
27	39	5
27	40	11
27	41	7
27	42	2
27	43	10
27	44	5
27	45	7
27	46	4
27	47	10
27	48	11
27	49	9
27	50	6
27	51	1
27	52	7
27	53	15
27	54	5
27	55	6
27	56	9
27	57	6
27	58	2
27	59	6
27	60	5
27	61	4
27	62	3
27	63	10
27	64	8
27	65	5
27	66	6
27	67	5
27	68	4
27	69	16
27	70	6
27	71	13
27	72	6
27	73	8
27	74	3
27	75	5
27	76	3
27	77	7
27	78	8
27	79	10
27	80	10
27	83	2
27	84	4
27	85	4
27	86	9
27	87	8
27	88	4
27	89	10
27	90	7
27	91	11
27	92	8
27	93	13
27	94	13
27	95	3
27	96	4
27	97	1
27	98	10
27	99	3
27	100	10
27	101	10
27	102	12
27	103	6
27	104	1
27	105	6
27	106	7
27	107	13
27	108	3
27	109	7
27	110	1
27	111	6
27	113	4
28	0	4
28	1	4
28	2	5
28	3	6
28	4	3
28	5	2
28	6	5
28	7	8
28	8	4
28	9	3
28	10	1
28	11	6
28	12	7
28	13	4
28	14	3
28	15	3
28	16	2
28	18	2
28	19	1
28	21	1
28	22	1
28	23	7
28	24	1
28	25	5
28	26	5
28	27	6
28	29	1
28	30	2
28	31	5
28	32	3
28	33	6
28	35	5
28	36	2
28	37	3
28	38	1
28	39	6
28	40	4
28	41	7
28	42	1
28	43	6
28	45	10
28	46	3
28	47	8
28	48	10
28	49	7
28	50	5
28	51	7
28	52	6
28	53	12
28	54	2
28	55	5
28	56	6
28	57	4
28	58	1
28	59	6
28	60	1
28	61	2
28	62	2
28	63	9
28	64	6
28	65	7
28	66	5
28	67	3
28	68	2
28	69	13
28	70	5
28	71	12
28	72	7
28	73	8
28	74	5
28	75	4
28	76	1
28	77	3
28	78	8
28	79	10
28	80	10
28	83	2
28	84	5
28	85	4
28	86	12
28	87	6
28	88	5
28	89	5
28	90	6
28	91	8
28	92	9
28	93	6
28	94	4
28	96	6
28	97	1
28	98	8
28	99	4
28	100	8
28	101	9
28	102	9
28	103	6
28	104	1
28	105	5
28	106	7
28	107	10
28	108	8
28	109	9
28	110	1
28	111	7
28	112	1
28	113	3
29	0	2
29	1	5
29	2	3
29	3	4
29	4	4
29	6	4
29	8	1
29	9	2
29	11	2
29	12	2
29	13	1
29	14	1
29	15	1
29	16	1
29	17	1
29	18	2
29	19	2
29	20	2
29	23	2
29	26	2
29	27	2
29	28	1
29	31	1
29	32	2
29	33	2
29	35	1
29	36	1
29	37	3
29	38	1
29	39	1
29	40	2
29	41	2
29	43	4
29	44	3
29	45	3
29	46	1
29	47	2
29	48	1
29	49	4
29	50	1
29	51	2
29	52	1
29	53	4
29	54	1
29	55	3
29	56	3
29	57	1
29	58	2
29	59	3
29	60	4
29	61	1
29	62	3
29	63	2
29	64	1
29	65	2
29	66	4
29	67	2
29	68	2
29	69	3
29	70	3
29	71	4
29	72	2
29	73	3
29	74	1
29	77	2
29	78	4
29	79	1
29	80	3
29	82	2
29	83	2
29	84	3
29	85	1
29	86	3
29	87	2
29	89	3
29	90	2
29	91	3
29	92	2
29	93	4
29	94	3
29	96	4
29	97	2
29	98	3
29	99	1
29	100	3
29	101	4
29	102	2
29	103	3
29	104	2
29	105	2
29	106	1
29	107	3
29	108	2
29	109	1
29	111	2
29	112	1
29	113	1
30	3	1
30	7	2
30	11	1
30	12	1
30	13	1
30	15	1
30	16	1
30	19	1
30	25	3
30	26	1
30	27	1
30	28	2
30	31	1
30	33	3
30	35	1
30	38	3
30	39	4
30	40	1
30	41	1
30	43	1
30	45	2
30	47	1
30	48	2
30	49	1
30	51	1
30	52	1
30	53	3
30	56	1
30	58	1
30	61	1
30	63	1
30	64	2
30	65	1
30	69	3
30	71	1
30	72	1
30	74	1
30	77	1
30	78	1
30	79	1
30	80	1
30	85	1
30	86	4
30	87	2
30	90	1
30	91	1
30	92	2
30	93	1
30	94	2
30	96	1
30	98	1
30	100	1
30	101	4
30	102	1
30	103	1
30	106	1
30	107	1
30	109	1
30	111	2
31	0	6
31	1	5
31	2	5
31	3	3
31	4	5
31	5	2
31	6	5
31	7	2
31	8	3
31	9	6
31	10	1
31	11	6
31	12	4
31	13	2
31	14	4
31	15	3
31	16	3
31	17	1
31	18	2
31	19	2
31	21	1
31	23	6
31	24	2
31	25	6
31	26	6
31	27	7
31	28	5
31	29	1
31	30	1
31	32	6
31	33	7
31	35	3
31	37	4
31	38	4
31	39	4
31	40	6
31	41	6
31	42	2
31	43	8
31	44	6
31	45	2
31	46	5
31	47	7
31	48	9
31	49	7
31	50	3
31	51	2
31	52	5
31	53	13
31	54	1
31	55	7
31	56	5
31	57	7
31	58	4
31	59	2
31	60	1
31	61	3
31	62	2
31	63	5
31	64	7
31	65	6
31	66	5
31	67	4
31	68	3
31	69	11
31	70	3
31	71	13
31	72	4
31	73	10
31	74	5
31	75	6
31	76	4
31	77	3
31	78	6
31	79	9
31	80	5
31	82	1
31	83	1
31	84	7
31	85	5
31	86	6
31	87	5
31	88	4
31	89	3
31	90	4
31	91	11
31	92	8
31	93	7
31	94	11
31	95	2
31	96	4
31	97	4
31	98	6
31	99	1
31	100	7
31	101	12
31	102	9
31	103	6
31	104	3
31	105	5
31	106	4
31	107	11
31	108	3
31	109	7
31	110	1
31	111	8
31	112	1
31	113	3
32	0	10
32	1	6
32	2	5
32	3	6
32	4	6
32	5	1
32	6	8
32	7	1
32	8	3
32	9	10
32	11	3
32	12	5
32	13	3
32	14	5
32	15	3
32	16	2
32	17	1
32	18	1
32	19	2
32	20	2
32	21	1
32	23	5
32	24	2
32	25	4
32	26	5
32	27	4
32	28	3
32	29	2
32	31	6
32	33	3
32	35	2
32	36	1
32	37	3
32	38	2
32	39	1
32	40	5
32	41	4
32	42	1
32	43	9
32	44	6
32	45	3
32	46	8
32	47	7
32	48	8
32	49	7
32	50	2
32	51	3
32	52	7
32	53	11
32	54	1
32	55	5
32	56	4
32	57	4
32	58	5
32	59	6
32	60	2
32	61	1
32	62	5
32	63	7
32	64	8
32	65	2
32	66	7
32	67	4
32	68	3
32	69	10
32	70	3
32	71	8
32	72	4
32	73	9
32	74	4
32	75	4
32	76	2
32	77	5
32	78	7
32	79	6
32	80	6
32	82	2
32	83	2
32	84	5
32	85	3
32	86	3
32	87	5
32	88	4
32	89	4
32	90	3
32	91	9
32	92	8
32	93	6
32	94	9
32	95	2
32	96	5
32	97	3
32	98	7
32	99	2
32	100	9
32	101	9
32	102	11
32	103	8
32	104	1
32	105	10
32	106	2
32	107	7
32	108	5
32	109	4
32	110	1
32	111	4
32	112	3
32	113	1
33	0	5
33	1	5
33	2	6
33	3	6
33	4	5
33	5	1
33	6	6
33	7	4
33	8	3
33	9	5
33	10	1
33	11	7
33	12	6
33	13	4
33	14	5
33	15	4
33	16	3
33	18	3
33	20	2
33	21	2
33	22	1
33	23	7
33	24	2
33	25	6
33	26	4
33	27	6
33	28	6
33	29	2
33	30	3
33	31	7
33	32	3
33	35	3
33	36	1
33	37	3
33	38	3
33	39	7
33	40	6
33	41	7
33	42	3
33	43	6
33	44	4
33	45	8
33	46	6
33	47	5
33	48	11
33	49	5
33	50	2
33	51	7
33	52	8
33	53	11
33	55	6
33	56	5
33	57	5
33	58	2
33	59	5
33	60	3
33	61	3
33	62	2
33	63	8
33	64	6
33	65	8
33	66	4
33	67	5
33	68	2
33	69	14
33	70	4
33	71	11
33	72	9
33	73	7
33	74	5
33	75	3
33	76	2
33	77	4
33	78	7
33	79	8
33	80	7
33	82	1
33	83	4
33	84	4
33	85	2
33	86	15
33	87	7
33	88	3
33	89	4
33	90	7
33	91	8
33	92	8
33	93	11
33	94	11
33	96	4
33	97	4
33	98	11
33	99	4
33	100	9
33	101	9
33	102	8
33	103	8
33	104	3
33	105	7
33	106	4
33	107	17
33	108	2
33	109	6
33	110	1
33	111	6
33	112	3
33	113	4
34	0	1
34	10	2
34	19	1
34	63	1
34	70	1
34	71	1
34	75	1
34	81	1
34	93	1
34	101	1
34	106	1
35	0	3
35	1	2
35	2	3
35	3	5
35	4	2
35	5	2
35	6	4
35	7	1
35	9	2
35	11	4
35	12	3
35	13	1
35	14	3
35	15	2
35	16	2
35	18	2
35	21	1
35	23	2
35	24	1
35	25	3
35	26	2
35	27	3
35	28	5
35	29	1
35	30	1
35	31	3
35	32	2
35	33	3
35	37	1
35	38	1
35	39	4
35	40	2
35	41	3
35	42	1
35	43	3
35	45	4
35	46	1
35	47	4
35	48	2
35	49	4
35	51	3
35	52	3
35	53	7
35	55	2
35	56	5
35	57	2
35	58	1
35	59	2
35	60	1
35	61	1
35	62	1
35	63	5
35	64	3
35	65	4
35	66	2
35	67	1
35	68	1
35	69	4
35	70	3
35	71	3
35	72	2
35	73	4
35	74	5
35	75	4
35	77	1
35	78	3
35	79	5
35	80	6
35	83	2
35	84	2
35	85	2
35	86	6
35	87	4
35	88	1
35	89	1
35	90	3
35	91	4
35	92	4
35	93	3
35	94	5
35	96	3
35	97	1
35	98	4
35	99	2
35	100	5
35	101	5
35	102	6
35	103	4
35	105	2
35	106	3
35	107	6
35	108	5
35	109	5
35	111	5
35	113	1
36	0	1
36	1	1
36	2	2
36	3	1
36	4	2
36	5	1
36	7	2
36	8	1
36	9	1
36	11	1
36	12	2
36	13	1
36	15	1
36	16	1
36	19	1
36	20	1
36	22	1
36	23	2
36	26	3
36	27	1
36	28	2
36	29	1
36	32	1
36	33	1
36	37	2
36	39	1
36	40	1
36	41	1
36	43	2
36	44	1
36	45	2
36	46	1
36	47	1
36	48	2
36	49	2
36	50	1
36	51	1
36	52	1
36	53	2
36	54	1
36	55	1
36	56	2
36	57	1
36	58	1
36	59	3
36	60	1
36	61	2
36	62	1
36	63	2
36	64	2
36	65	1
36	66	2
36	67	2
36	69	2
36	70	2
36	71	2
36	72	1
36	73	1
36	74	1
36	77	2
36	78	2
36	80	1
36	82	1
36	83	1
36	84	1
36	85	1
36	86	1
36	87	2
36	88	2
36	89	2
36	90	2
36	91	1
36	92	3
36	93	1
36	94	1
36	96	2
36	97	1
36	98	1
36	99	2
36	100	1
36	101	2
36	102	1
36	103	1
36	105	1
36	106	1
36	111	1
36	112	1
36	113	1
37	0	4
37	1	6
37	2	6
37	3	2
37	4	6
37	5	5
37	6	6
37	7	1
37	8	5
37	9	4
37	11	3
37	12	4
37	13	3
37	14	2
37	15	1
37	16	2
37	17	1
37	18	1
37	19	3
37	20	2
37	21	1
37	23	6
37	25	1
37	26	6
37	27	5
37	28	3
37	29	3
37	31	4
37	32	3
37	33	3
37	35	1
37	36	2
37	38	1
37	39	4
37	40	3
37	41	4
37	42	1
37	43	8
37	44	3
37	45	4
37	46	3
37	47	5
37	48	7
37	49	4
37	50	4
37	51	3
37	52	3
37	53	10
37	54	2
37	55	5
37	56	5
37	57	4
37	58	2
37	59	5
37	60	5
37	61	3
37	62	3
37	63	4
37	64	4
37	65	3
37	66	5
37	67	3
37	68	2
37	69	8
37	70	5
37	71	7
37	72	3
37	73	5
37	74	2
37	75	1
37	76	1
37	77	6
37	78	4
37	79	4
37	80	4
37	82	2
37	83	3
37	84	6
37	85	3
37	86	3
37	87	4
37	88	1
37	89	5
37	90	4
37	91	6
37	92	4
37	93	8
37	94	7
37	95	1
37	96	4
37	97	3
37	98	5
37	99	3
37	100	7
37	101	7
37	102	6
37	103	6
37	104	1
37	105	6
37	106	2
37	107	3
37	108	2
37	109	3
37	110	2
37	111	4
37	112	2
37	113	1
38	0	1
38	1	2
38	2	1
38	3	3
38	4	2
38	6	2
38	7	1
38	8	1
38	9	2
38	10	2
38	11	2
38	12	2
38	13	1
38	14	1
38	15	2
38	16	1
38	17	1
38	19	1
38	24	1
38	25	3
38	26	3
38	27	3
38	28	1
38	29	1
38	30	3
38	31	4
38	32	2
38	33	3
38	35	1
38	37	1
38	39	3
38	40	2
38	41	2
38	43	4
38	44	2
38	45	1
38	46	1
38	47	1
38	48	3
38	49	2
38	50	1
38	51	1
38	52	2
38	53	6
38	55	1
38	56	1
38	57	1
38	58	2
38	59	1
38	60	2
38	62	1
38	63	2
38	64	2
38	65	1
38	66	1
38	67	1
38	69	4
38	71	3
38	72	1
38	73	2
38	74	2
38	75	1
38	77	1
38	78	4
38	79	1
38	80	3
38	82	1
38	84	1
38	85	2
38	86	3
38	87	3
38	88	1
38	90	2
38	91	3
38	92	2
38	93	4
38	94	5
38	96	1
38	97	1
38	98	2
38	100	2
38	101	4
38	102	3
38	103	2
38	104	3
38	105	1
38	106	1
38	107	3
38	108	2
38	109	5
38	110	1
38	111	2
39	0	2
39	1	3
39	2	4
39	3	5
39	4	3
39	5	4
39	6	3
39	7	4
39	8	3
39	9	2
39	11	6
39	12	7
39	13	3
39	14	6
39	15	3
39	16	2
39	18	3
39	19	1
39	20	1
39	21	2
39	22	1
39	23	6
39	24	1
39	25	4
39	26	6
39	27	5
39	28	6
39	29	1
39	30	4
39	31	4
39	32	1
39	33	7
39	35	4
39	36	1
39	37	4
39	38	3
39	40	5
39	41	7
39	42	2
39	43	7
39	45	7
39	46	4
39	47	5
39	48	6
39	49	5
39	50	2
39	51	3
39	52	4
39	53	11
39	54	1
39	55	3
39	56	7
39	57	5
39	58	2
39	59	3
39	60	2
39	61	4
39	63	6
39	64	6
39	65	5
39	66	5
39	67	2
39	68	3
39	69	7
39	70	5
39	71	7
39	72	5
39	73	5
39	74	3
39	75	1
39	76	1
39	77	4
39	78	6
39	79	5
39	80	6
39	83	3
39	84	3
39	85	4
39	86	8
39	87	9
39	88	2
39	89	5
39	90	5
39	91	7
39	92	7
39	93	7
39	94	7
39	95	1
39	96	4
39	97	1
39	98	5
39	99	2
39	100	7
39	101	8
39	102	8
39	103	4
39	105	4
39	106	4
39	107	7
39	108	1
39	109	4
39	110	1
39	111	6
39	112	1
39	113	2
40	0	6
40	1	6
40	2	6
40	3	4
40	4	5
40	5	2
40	6	6
40	7	4
40	8	3
40	9	6
40	10	2
40	11	5
40	12	6
40	13	3
40	14	4
40	15	2
40	16	4
40	18	4
40	19	3
40	21	3
40	22	1
40	23	8
40	24	1
40	25	7
40	26	5
40	27	11
40	28	4
40	29	2
40	30	1
40	31	6
40	32	5
40	33	6
40	35	2
40	36	1
40	37	3
40	38	2
40	39	5
40	41	9
40	42	2
40	43	8
40	44	4
40	45	5
40	46	8
40	47	5
40	48	7
40	49	8
40	50	4
40	51	3
40	52	7
40	53	16
40	54	4
40	55	5
40	56	6
40	57	5
40	58	3
40	59	4
40	60	3
40	61	4
40	62	3
40	63	7
40	64	7
40	65	5
40	66	8
40	67	6
40	68	5
40	69	14
40	70	7
40	71	12
40	72	6
40	73	7
40	74	3
40	75	4
40	76	4
40	77	6
40	78	6
40	79	9
40	80	10
40	83	3
40	84	3
40	85	4
40	86	6
40	87	4
40	88	5
40	89	4
40	90	5
40	91	10
40	92	7
40	93	8
40	94	13
40	95	2
40	96	5
40	97	1
40	98	9
40	99	3
40	100	8
40	101	12
40	102	9
40	103	6
40	104	1
40	105	5
40	106	7
40	107	10
40	108	3
40	109	7
40	111	4
40	113	5
41	0	4
41	1	7
41	2	5
41	3	7
41	4	5
41	5	2
41	6	7
41	7	4
41	8	3
41	9	4
41	10	1
41	11	5
41	12	7
41	13	4
41	14	4
41	15	3
41	16	5
41	18	3
41	19	2
41	21	2
41	23	6
41	24	2
41	25	6
41	26	7
41	27	7
41	28	7
41	29	2
41	30	1
41	31	6
41	32	4
41	33	7
41	35	3
41	36	1
41	37	4
41	38	2
41	39	7
41	40	9
41	42	2
41	43	9
41	44	4
41	45	8
41	46	6
41	47	5
41	48	8
41	49	7
41	50	4
41	51	3
41	52	7
41	53	9
41	54	3
41	55	3
41	56	5
41	57	3
41	58	2
41	59	5
41	60	2
41	61	2
41	62	2
41	63	8
41	64	6
41	65	5
41	66	8
41	67	2
41	68	3
41	69	12
41	70	6
41	71	14
41	72	5
41	73	9
41	74	3
41	75	3
41	76	1
41	77	5
41	78	5
41	79	7
41	80	12
41	83	3
41	84	4
41	85	3
41	86	7
41	87	7
41	88	5
41	89	5
41	90	6
41	91	10
41	92	7
41	93	7
41	94	7
41	96	5
41	97	1
41	98	8
41	99	2
41	100	7
41	101	10
41	102	8
41	103	7
41	104	1
41	105	6
41	106	7
41	107	10
41	108	4
41	109	5
41	110	1
41	111	5
41	113	4
42	0	1
42	1	1
42	2	1
42	3	1
42	4	1
42	5	2
42	6	2
42	7	1
42	8	1
42	9	1
42	11	1
42	12	2
42	14	2
42	15	1
42	16	2
42	18	1
42	21	2
42	23	2
42	24	1
42	25	1
42	26	1
42	27	2
42	28	1
42	31	2
42	32	1
42	33	3
42	35	1
42	37	1
42	39	2
42	40	2
42	41	2
42	43	2
42	44	2
42	45	2
42	46	2
42	47	4
42	48	2
42	49	1
42	51	1
42	52	3
42	53	2
42	55	1
42	56	2
42	57	3
42	58	1
42	59	2
42	60	1
42	61	1
42	63	2
42	64	1
42	66	3
42	69	3
42	70	1
42	71	4
42	73	3
42	74	1
42	75	1
42	76	1
42	77	2
42	78	1
42	79	1
42	80	2
42	83	2
42	84	1
42	85	2
42	87	1
42	89	1
42	90	2
42	91	3
42	92	2
42	93	1
42	94	2
42	96	1
42	97	1
42	99	1
42	100	2
42	101	1
42	102	3
42	103	1
42	105	1
42	107	1
42	109	3
42	111	1
42	112	1
42	113	1
43	0	10
43	1	15
43	2	10
43	3	10
43	4	8
43	5	6
43	6	10
43	7	3
43	8	4
43	9	10
43	10	1
43	11	8
43	12	12
43	13	4
43	14	10
43	15	4
43	16	4
43	17	1
43	18	5
43	19	3
43	20	3
43	21	1
43	22	3
43	23	6
43	24	2
43	25	7
43	26	8
43	27	10
43	28	6
43	29	4
43	30	1
43	31	8
43	32	9
43	33	6
43	35	3
43	36	2
43	37	8
43	38	4
43	39	7
43	40	8
43	41	9
43	42	2
43	44	8
43	45	9
43	46	3
43	47	13
43	48	14
43	49	10
43	50	6
43	51	7
43	52	7
43	53	21
43	54	4
43	55	9
43	56	11
43	57	8
43	58	6
43	59	7
43	60	7
43	61	3
43	62	7
43	63	10
43	64	6
43	65	11
43	66	11
43	67	6
43	68	4
43	69	19
43	70	11
43	71	17
43	72	6
43	73	14
43	74	4
43	75	6
43	76	1
43	77	9
43	78	9
43	79	10
43	80	10
43	82	2
43	83	3
43	84	8
43	85	3
43	86	12
43	87	10
43	88	6
43	89	9
43	90	9
43	91	14
43	92	8
43	93	16
43	94	14
43	95	2
43	96	6
43	97	3
43	98	10
43	99	3
43	100	11
43	101	15
43	102	12
43	103	7
43	104	3
43	105	9
43	106	7
43	107	13
43	108	6
43	109	12
43	110	3
43	111	8
43	112	5
43	113	6
44	0	5
44	1	4
44	2	2
44	3	4
44	4	5
44	6	4
44	8	2
44	9	5
44	11	2
44	12	2
44	13	1
44	14	2
44	15	2
44	16	4
44	17	1
44	18	1
44	19	3
44	20	1
44	22	1
44	23	2
44	24	1
44	25	1
44	26	6
44	27	5
44	29	3
44	31	6
44	32	6
44	33	4
44	36	1
44	37	3
44	38	2
44	40	4
44	41	4
44	42	2
44	43	8
44	45	2
44	46	3
44	47	3
44	48	6
44	49	3
44	50	1
44	51	1
44	52	4
44	53	7
44	54	1
44	55	6
44	56	2
44	57	5
44	58	6
44	59	2
44	60	3
44	61	2
44	62	3
44	63	3
44	64	3
44	65	4
44	66	6
44	67	3
44	68	2
44	69	9
44	70	2
44	71	8
44	72	2
44	73	7
44	74	1
44	75	1
44	76	2
44	77	5
44	78	2
44	79	4
44	80	3
44	82	2
44	83	2
44	84	2
44	85	2
44	86	3
44	87	3
44	88	2
44	89	3
44	90	4
44	91	4
44	92	5
44	93	4
44	94	5
44	95	2
44	96	1
44	97	2
44	98	3
44	99	1
44	100	7
44	101	5
44	102	4
44	103	6
44	104	2
44	105	5
44	106	1
44	107	4
44	108	2
44	109	2
44	110	1
44	111	3
44	112	2
44	113	3
45	0	4
45	1	5
45	2	6
45	3	7
45	4	4
45	5	3
45	6	5
45	7	6
45	8	3
45	9	3
45	11	5
45	12	8
45	13	4
45	14	3
45	15	4
45	16	3
45	18	3
45	19	2
45	20	1
45	21	2
45	23	8
45	24	1
45	25	4
45	26	5
45	27	7
45	28	10
45	29	3
45	30	2
45	31	2
45	32	3
45	33	8
45	35	4
45	36	2
45	37	4
45	38	1
45	39	7
45	40	5
45	41	8
45	42	2
45	43	9
45	44	2
45	46	5
45	47	8
45	48	10
45	49	7
45	50	3
45	51	9
45	52	7
45	53	10
45	54	3
45	55	5
45	56	8
45	57	4
45	58	2
45	59	6
45	60	3
45	61	3
45	62	4
45	63	12
45	64	7
45	65	3
45	66	7
45	67	4
45	68	3
45	69	12
45	70	6
45	71	11
45	72	8
45	73	5
45	74	5
45	75	4
45	77	6
45	78	6
45	79	6
45	80	13
45	82	1
45	83	4
45	84	4
45	85	3
45	86	10
45	87	7
45	88	2
45	89	4
45	90	9
45	91	5
45	92	7
45	93	10
45	94	6
45	96	6
45	97	3
45	98	9
45	99	5
45	100	9
45	101	9
45	102	7
45	103	6
45	104	1
45	105	5
45	106	5
45	107	12
45	108	3
45	109	6
45	110	1
45	111	9
45	112	2
45	113	1
46	0	6
46	1	5
46	2	2
46	3	4
46	4	3
46	5	1
46	6	4
46	7	3
46	8	3
46	9	7
46	10	1
46	11	3
46	12	5
46	13	2
46	14	4
46	15	3
46	16	2
46	18	1
46	19	1
46	20	1
46	21	2
46	23	6
46	24	2
46	25	2
46	26	5
46	27	4
46	28	3
46	29	1
46	31	5
46	32	8
46	33	6
46	35	1
46	36	1
46	37	3
46	38	1
46	39	4
46	40	8
46	41	6
46	42	2
46	43	3
46	44	3
46	45	5
46	47	5
46	48	6
46	49	5
46	50	1
46	51	3
46	52	6
46	53	7
46	54	1
46	55	4
46	56	3
46	57	4
46	58	1
46	59	4
46	60	2
46	61	3
46	62	1
46	63	6
46	64	7
46	65	3
46	66	5
46	67	2
46	68	2
46	69	6
46	70	4
46	71	8
46	72	3
46	73	6
46	74	3
46	75	2
46	76	5
46	77	6
46	78	6
46	79	6
46	80	6
46	82	1
46	83	3
46	84	3
46	85	3
46	86	6
46	87	7
46	88	3
46	89	2
46	90	3
46	91	9
46	92	7
46	93	6
46	94	5
46	95	1
46	96	4
46	97	2
46	98	6
46	99	3
46	100	6
46	101	7
46	102	8
46	103	4
46	105	8
46	106	3
46	107	6
46	108	2
46	109	3
46	110	2
46	111	6
46	112	3
46	113	2
47	0	8
47	1	6
47	2	5
47	3	7
47	4	7
47	5	2
47	6	4
47	7	3
47	8	3
47	9	7
47	11	9
47	12	8
47	13	6
47	14	5
47	15	5
47	18	3
47	19	1
47	20	3
47	21	1
47	22	3
47	23	8
47	24	1
47	25	4
47	26	4
47	27	10
47	28	8
47	29	2
47	30	1
47	31	7
47	32	7
47	33	5
47	35	4
47	36	1
47	37	5
47	38	1
47	39	5
47	40	5
47	41	5
47	42	4
47	43	13
47	44	3
47	45	8
47	46	5
47	48	11
47	49	10
47	50	6
47	51	6
47	52	6
47	53	15
47	54	2
47	55	6
47	56	9
47	57	4
47	58	4
47	59	7
47	60	3
47	61	1
47	62	5
47	63	7
47	64	7
47	65	8
47	66	8
47	67	5
47	68	5
47	69	14
47	70	9
47	71	14
47	72	8
47	73	10
47	74	4
47	75	5
47	76	2
47	77	9
47	78	8
47	79	7
47	80	7
47	82	1
47	83	3
47	84	6
47	85	4
47	86	13
47	87	8
47	88	4
47	89	8
47	90	7
47	91	14
47	92	8
47	93	12
47	94	11
47	95	4
47	96	6
47	97	2
47	98	9
47	99	3
47	100	16
47	101	13
47	102	12
47	103	9
47	104	1
47	105	9
47	106	7
47	107	12
47	108	3
47	109	8
47	110	2
47	111	8
47	112	3
47	113	4
48	0	9
48	1	10
48	2	7
48	3	7
48	4	6
48	5	4
48	6	8
48	7	4
48	8	5
48	9	7
48	11	6
48	12	10
48	13	6
48	14	5
48	15	5
48	16	4
48	18	1
48	19	2
48	20	1
48	21	2
48	22	1
48	23	11
48	24	2
48	25	8
48	26	9
48	27	11
48	28	10
48	29	1
48	30	2
48	31	9
48	32	8
48	33	11
48	35	2
48	36	2
48	37	7
48	38	3
48	39	6
48	40	7
48	41	8
48	42	2
48	43	14
48	44	6
48	45	10
48	46	6
48	47	11
48	49	8
48	50	6
48	51	7
48	52	10
48	53	17
48	54	3
48	55	9
48	56	9
48	57	7
48	58	3
48	59	9
48	60	3
48	61	4
48	62	3
48	63	12
48	64	11
48	65	5
48	66	10
48	67	5
48	68	3
48	69	16
48	70	7
48	71	17
48	72	7
48	73	10
48	74	6
48	75	5
48	76	1
48	77	7
48	78	8
48	79	8
48	80	11
48	82	1
48	83	3
48	84	6
48	85	8
48	86	10
48	87	9
48	88	5
48	89	9
48	90	7
48	91	12
48	92	12
48	93	12
48	94	13
48	95	2
48	96	7
48	97	2
48	98	10
48	99	4
48	100	15
48	101	12
48	102	12
48	103	8
48	104	1
48	105	8
48	106	4
48	107	12
48	108	2
48	109	10
48	110	1
48	111	7
48	112	3
48	113	5
49	0	9
49	1	10
49	2	12
49	3	11
49	4	7
49	5	3
49	6	9
49	7	2
49	8	3
49	9	7
49	11	7
49	12	8
49	13	4
49	14	6
49	15	4
49	16	2
49	17	2
49	18	5
49	19	3
49	20	2
49	21	1
49	22	2
49	23	6
49	24	1
49	25	5
49	26	4
49	27	9
49	28	7
49	29	4
49	30	1
49	31	7
49	32	7
49	33	5
49	35	4
49	36	2
49	37	4
49	38	2
49	39	5
49	40	8
49	41	7
49	42	1
49	43	10
49	44	3
49	45	7
49	46	5
49	47	10
49	48	8
49	50	6
49	51	6
49	52	5
49	53	11
49	54	4
49	55	6
49	56	10
49	57	6
49	58	5
49	59	9
49	60	3
49	61	3
49	62	5
49	63	10
49	64	8
49	65	4
49	66	5
49	67	6
49	68	4
49	69	12
49	70	10
49	71	10
49	72	4
49	73	12
49	74	6
49	75	4
49	77	6
49	78	13
49	79	10
49	80	12
49	82	2
49	83	4
49	84	8
49	85	4
49	86	6
49	87	9
49	88	2
49	89	7
49	90	8
49	91	7
49	92	10
49	93	9
49	94	10
49	95	1
49	96	9
49	97	4
49	98	11
49	99	4
49	100	11
49	101	12
49	102	13
49	103	10
49	104	2
49	105	7
49	106	7
49	107	15
49	108	5
49	109	7
49	110	1
49	111	6
49	112	2
49	113	3
50	0	5
50	1	3
50	2	5
50	3	4
50	4	3
50	5	1
50	6	6
50	7	2
50	8	3
50	9	4
50	10	1
50	11	2
50	12	6
50	13	2
50	14	1
50	16	1
50	17	1
50	19	2
50	22	2
50	23	3
50	25	2
50	26	4
50	27	6
50	28	5
50	29	1
50	31	3
50	32	2
50	33	2
50	36	1
50	37	4
50	38	1
50	39	2
50	40	4
50	41	4
50	43	6
50	44	1
50	45	3
50	46	1
50	47	6
50	48	6
50	49	6
50	51	1
50	52	1
50	53	8
50	54	3
50	55	2
50	56	4
50	57	6
50	58	1
50	59	4
50	60	2
50	61	1
50	62	4
50	63	4
50	64	2
50	65	2
50	66	3
50	67	3
50	68	1
50	69	7
50	70	4
50	71	5
50	72	2
50	73	5
50	74	1
50	75	2
50	76	1
50	77	2
50	78	5
50	79	5
50	80	8
50	82	1
50	83	1
50	84	3
50	85	2
50	86	7
50	87	4
50	88	4
50	89	6
50	90	2
50	91	7
50	92	2
50	93	7
50	94	3
50	95	1
50	96	3
50	97	2
50	98	6
50	99	3
50	100	6
50	101	6
50	102	6
50	103	5
50	104	1
50	105	4
50	106	4
50	107	8
50	108	3
50	109	6
50	111	1
50	113	2
51	0	5
51	1	5
51	2	7
51	3	4
51	4	2
51	5	3
51	6	3
51	7	5
51	8	3
51	9	4
51	11	3
51	12	7
51	13	3
51	14	3
51	15	3
51	16	3
51	18	2
51	20	1
51	21	1
51	23	5
51	24	1
51	25	3
51	26	1
51	27	1
51	28	7
51	29	2
51	30	1
51	31	2
51	32	3
51	33	7
51	35	3
51	36	1
51	37	3
51	38	1
51	39	3
51	40	3
51	41	3
51	42	1
51	43	7
51	44	1
51	45	9
51	46	3
51	47	6
51	48	7
51	49	6
51	50	1
51	52	4
51	53	9
51	55	4
51	56	6
51	57	6
51	58	1
51	59	5
51	60	3
51	61	1
51	62	3
51	63	7
51	64	6
51	65	3
51	66	4
51	67	6
51	68	1
51	69	9
51	70	5
51	71	9
51	72	7
51	73	8
51	74	2
51	75	2
51	77	3
51	78	5
51	79	4
51	80	7
51	82	1
51	83	4
51	84	5
51	85	1
51	86	7
51	87	6
51	89	3
51	90	8
51	91	5
51	92	5
51	93	3
51	94	6
51	96	6
51	97	2
51	98	9
51	99	2
51	100	7
51	101	6
51	102	8
51	103	6
51	105	5
51	106	3
51	107	9
51	108	3
51	109	4
51	110	1
51	111	4
51	112	5
51	113	3
52	0	5
52	1	8
52	2	4
52	3	7
52	4	5
52	5	1
52	6	7
52	7	2
52	8	2
52	9	8
52	11	6
52	12	6
52	13	4
52	14	7
52	15	5
52	16	5
52	18	2
52	20	3
52	21	2
52	22	1
52	23	6
52	24	2
52	25	5
52	26	5
52	27	7
52	28	6
52	29	1
52	30	1
52	31	5
52	32	7
52	33	8
52	35	3
52	36	1
52	37	3
52	38	2
52	39	4
52	40	7
52	41	7
52	42	3
52	43	7
52	44	4
52	45	7
52	46	6
52	47	6
52	48	10
52	49	5
52	50	1
52	51	4
52	53	14
52	54	2
52	55	5
52	56	6
52	57	4
52	58	4
52	59	7
52	60	4
52	61	3
52	62	3
52	63	11
52	64	7
52	65	4
52	66	7
52	67	5
52	68	3
52	69	14
52	70	3
52	71	13
52	72	5
52	73	8
52	74	2
52	75	3
52	76	1
52	77	7
52	78	6
52	79	6
52	80	8
52	82	1
52	83	3
52	84	4
52	85	2
52	86	6
52	87	6
52	88	5
52	89	4
52	90	5
52	91	9
52	92	8
52	93	6
52	94	10
52	96	5
52	97	2
52	98	8
52	99	3
52	100	9
52	101	9
52	102	11
52	103	5
52	105	8
52	106	5
52	107	9
52	108	3
52	109	5
52	110	1
52	111	6
52	112	2
52	113	1
53	0	10
53	1	14
53	2	12
53	3	12
53	4	10
53	5	6
53	6	13
53	7	5
53	8	6
53	9	10
53	10	1
53	11	13
53	12	14
53	13	5
53	14	7
53	15	6
53	16	5
53	17	1
53	18	4
53	19	4
53	20	3
53	21	2
53	22	2
53	23	11
53	24	3
53	25	10
53	26	9
53	27	15
53	28	12
53	29	4
53	30	3
53	31	13
53	32	11
53	33	11
53	35	7
53	36	2
53	37	10
53	38	6
53	39	11
53	40	16
53	41	9
53	42	2
53	43	21
53	44	7
53	45	10
53	46	7
53	47	15
53	48	17
53	49	11
53	50	8
53	51	9
53	52	14
53	54	5
53	55	10
53	56	13
53	57	14
53	58	6
53	59	8
53	60	5
53	61	4
53	62	7
53	63	14
53	64	11
53	65	11
53	66	14
53	67	10
53	68	6
53	69	31
53	70	10
53	71	19
53	72	8
53	73	15
53	74	7
53	75	7
53	76	3
53	77	11
53	78	13
53	79	16
53	80	15
53	82	2
53	83	4
53	84	10
53	85	6
53	86	20
53	87	14
53	88	7
53	89	10
53	90	6
53	91	18
53	92	13
53	93	15
53	94	22
53	95	3
53	96	10
53	97	4
53	98	20
53	99	5
53	100	19
53	101	24
53	102	19
53	103	12
53	104	4
53	105	12
53	106	7
53	107	22
53	108	7
53	109	15
53	110	4
53	111	11
53	112	4
53	113	6
54	0	2
54	1	4
54	2	2
54	3	3
54	4	1
54	5	1
54	6	4
54	7	1
54	8	1
54	9	3
54	12	3
54	13	1
54	14	1
54	16	2
54	18	1
54	19	2
54	23	2
54	24	1
54	25	2
54	26	1
54	27	5
54	28	2
54	29	1
54	31	1
54	32	1
54	36	1
54	37	2
54	39	1
54	40	4
54	41	3
54	43	4
54	44	1
54	45	3
54	46	1
54	47	2
54	48	3
54	49	4
54	50	3
54	52	2
54	53	5
54	55	1
54	56	3
54	57	2
54	59	2
54	60	1
54	61	1
54	62	2
54	63	2
54	64	2
54	65	1
54	66	3
54	67	2
54	68	1
54	69	3
54	70	2
54	71	4
54	72	1
54	73	2
54	75	2
54	77	2
54	78	3
54	79	1
54	80	4
54	84	1
54	85	2
54	86	1
54	87	1
54	88	3
54	89	3
54	90	2
54	91	4
54	92	2
54	93	3
54	94	2
54	96	3
54	98	3
54	99	2
54	100	2
54	101	6
54	102	3
54	103	1
54	104	1
54	105	2
54	106	2
54	107	3
54	108	1
54	109	1
54	110	1
54	112	1
54	113	2
55	0	6
55	1	6
55	2	6
55	3	6
55	4	5
55	5	2
55	6	5
55	7	1
55	8	2
55	9	7
55	11	6
55	12	7
55	13	2
55	14	2
55	15	3
55	17	1
55	18	2
55	19	2
55	20	2
55	21	1
55	22	1
55	23	6
55	24	1
55	25	5
55	26	4
55	27	6
55	28	5
55	29	3
55	31	7
55	32	5
55	33	6
55	35	2
55	36	1
55	37	5
55	38	1
55	39	3
55	40	5
55	41	3
55	42	1
55	43	9
55	44	6
55	45	5
55	46	4
55	47	6
55	48	9
55	49	6
55	50	2
55	51	4
55	52	5
55	53	10
55	54	1
55	56	7
55	57	4
55	58	3
55	59	4
55	60	4
55	61	3
55	62	4
55	63	6
55	64	6
55	65	6
55	66	5
55	67	5
55	68	4
55	69	11
55	70	5
55	71	11
55	72	4
55	73	8
55	74	3
55	75	2
55	76	2
55	77	4
55	78	7
55	79	9
55	80	6
55	82	2
55	83	3
55	84	6
55	85	4
55	86	6
55	87	5
55	88	2
55	89	4
55	90	6
55	91	7
55	92	9
55	93	9
55	94	6
55	95	1
55	96	5
55	97	3
55	98	5
55	99	3
55	100	10
55	101	9
55	102	8
55	103	6
55	104	2
55	105	6
55	106	5
55	107	10
55	108	3
55	109	6
55	111	6
55	112	3
55	113	3
56	0	6
56	1	8
56	2	10
56	3	9
56	4	7
56	5	8
56	6	6
56	7	2
56	8	1
56	9	6
56	11	6
56	12	9
56	13	4
56	14	3
56	15	5
56	16	2
56	17	1
56	18	3
56	19	2
56	20	2
56	21	1
56	22	2
56	23	7
56	24	1
56	25	6
56	26	4
56	27	9
56	28	6
56	29	3
56	30	1
56	31	5
56	32	4
56	33	5
56	35	5
56	36	2
56	37	5
56	38	1
56	39	7
56	40	6
56	41	5
56	42	2
56	43	11
56	44	2
56	45	8
56	46	3
56	47	9
56	48	9
56	49	10
56	50	4
56	51	6
56	52	6
56	53	13
56	54	3
56	55	7
56	57	6
56	58	3
56	59	5
56	60	3
56	61	3
56	62	4
56	63	10
56	64	8
56	65	5
56	66	4
56	67	5
56	68	6
56	69	13
56	70	11
56	71	9
56	72	5
56	73	9
56	74	3
56	75	4
56	76	2
56	77	6
56	78	11
56	79	7
56	80	8
56	82	1
56	83	4
56	84	6
56	85	3
56	86	6
56	87	9
56	88	3
56	89	7
56	90	7
56	91	12
56	92	11
56	93	10
56	94	9
56	95	1
56	96	8
56	97	2
56	98	13
56	99	4
56	100	11
56	101	12
56	102	13
56	103	6
56	105	5
56	106	5
56	107	9
56	108	3
56	109	4
56	111	7
56	112	4
56	113	3
57	0	6
57	1	4
57	2	8
57	3	5
57	4	4
57	5	3
57	6	6
57	7	2
57	8	5
57	9	8
57	11	5
57	12	7
57	13	2
57	14	5
57	15	1
57	16	1
57	17	1
57	18	2
57	19	2
57	21	2
57	22	1
57	23	5
57	24	1
57	25	2
57	26	4
57	27	6
57	28	4
57	29	1
57	31	7
57	32	4
57	33	5
57	35	2
57	36	1
57	37	4
57	38	1
57	39	5
57	40	5
57	41	3
57	42	3
57	43	8
57	44	5
57	45	4
57	46	4
57	47	4
57	48	7
57	49	6
57	50	6
57	51	6
57	52	4
57	53	14
57	54	2
57	55	4
57	56	6
57	58	3
57	59	4
57	60	4
57	61	3
57	62	3
57	63	6
57	64	4
57	65	6
57	66	5
57	67	5
57	68	1
57	69	11
57	70	5
57	71	9
57	72	3
57	73	8
57	74	4
57	75	4
57	76	3
57	77	6
57	78	9
57	79	7
57	80	7
57	82	1
57	83	2
57	84	7
57	85	3
57	86	7
57	87	7
57	88	3
57	89	9
57	90	5
57	91	9
57	92	4
57	93	8
57	94	5
57	96	4
57	97	4
57	98	10
57	99	3
57	100	11
57	101	7
57	102	13
57	103	5
57	104	2
57	105	7
57	106	2
57	107	9
57	108	2
57	109	9
57	111	3
57	112	4
57	113	5
58	0	2
58	1	3
58	2	3
58	3	3
58	4	4
58	5	2
58	6	2
58	8	2
58	9	3
58	11	4
58	12	3
58	13	3
58	14	3
58	15	3
58	16	1
58	17	1
58	18	2
58	19	1
58	20	2
58	22	1
58	23	1
58	25	2
58	26	5
58	27	2
58	28	1
58	29	2
58	30	1
58	31	4
58	32	5
58	33	2
58	35	1
58	36	1
58	37	2
58	38	2
58	39	2
58	40	3
58	41	2
58	42	1
58	43	6
58	44	6
58	45	2
58	46	1
58	47	4
58	48	3
58	49	5
58	50	1
58	51	1
58	52	4
58	53	6
58	55	3
58	56	3
58	57	3
58	59	2
58	60	3
58	61	1
58	62	2
58	63	3
58	64	2
58	65	4
58	66	3
58	67	3
58	68	2
58	69	6
58	70	3
58	71	5
58	72	2
58	73	6
58	74	2
58	77	4
58	78	5
58	79	3
58	80	1
58	82	2
58	83	1
58	84	3
58	85	2
58	86	3
58	87	5
58	88	1
58	89	3
58	90	3
58	91	4
58	92	5
58	93	3
58	94	6
58	95	2
58	96	3
58	97	2
58	98	4
58	99	1
58	100	6
58	101	5
58	102	4
58	103	5
58	104	1
58	105	3
58	106	3
58	107	4
58	108	2
58	109	2
58	111	4
58	112	4
58	113	2
59	0	6
59	1	7
59	2	5
59	3	6
59	4	6
59	5	1
59	6	6
59	7	2
59	8	3
59	9	6
59	11	3
59	12	6
59	13	4
59	14	7
59	15	2
59	16	3
59	18	1
59	19	1
59	20	4
59	21	1
59	22	2
59	23	6
59	24	1
59	25	2
59	26	5
59	27	6
59	28	6
59	29	3
59	31	2
59	32	6
59	33	5
59	35	2
59	36	3
59	37	5
59	38	1
59	39	3
59	40	4
59	41	5
59	42	2
59	43	7
59	44	2
59	45	6
59	46	4
59	47	7
59	48	9
59	49	9
59	50	4
59	51	5
59	52	7
59	53	8
59	54	2
59	55	4
59	56	5
59	57	4
59	58	2
59	60	5
59	61	3
59	62	3
59	63	10
59	64	5
59	65	2
59	66	6
59	67	3
59	68	2
59	69	9
59	70	5
59	71	10
59	72	5
59	73	8
59	74	3
59	75	2
59	77	4
59	78	7
59	79	3
59	80	8
59	82	1
59	83	5
59	84	4
59	85	1
59	86	6
59	87	6
59	88	5
59	89	6
59	90	5
59	91	6
59	92	7
59	93	9
59	94	7
59	96	7
59	97	2
59	98	6
59	99	3
59	100	7
59	101	5
59	102	9
59	103	3
59	104	2
59	105	6
59	106	3
59	107	5
59	108	3
59	109	4
59	110	1
59	111	3
59	112	1
59	113	2
60	0	4
60	1	3
60	2	4
60	3	2
60	4	5
60	6	4
60	8	3
60	9	4
60	11	5
60	12	2
60	13	1
60	14	3
60	15	1
60	16	1
60	17	2
60	18	2
60	19	1
60	20	2
60	21	1
60	22	1
60	23	3
60	26	4
60	27	5
60	28	1
60	29	4
60	31	1
60	32	2
60	33	3
60	35	1
60	36	1
60	37	5
60	38	2
60	39	2
60	40	3
60	41	2
60	42	1
60	43	7
60	44	3
60	45	3
60	46	2
60	47	3
60	48	3
60	49	3
60	50	2
60	51	3
60	52	4
60	53	5
60	54	1
60	55	4
60	56	3
60	57	4
60	58	3
60	59	5
60	61	3
60	62	2
60	63	3
60	64	1
60	65	5
60	66	2
60	67	4
60	68	1
60	69	5
60	70	3
60	71	7
60	72	4
60	73	3
60	74	1
60	75	1
60	77	4
60	78	3
60	79	3
60	80	2
60	82	2
60	83	3
60	84	3
60	85	1
60	86	4
60	87	2
60	89	6
60	90	5
60	91	2
60	92	2
60	93	5
60	94	5
60	96	2
60	97	2
60	98	3
60	99	1
60	100	5
60	101	3
60	102	4
60	103	4
60	104	1
60	105	4
60	106	2
60	107	4
60	108	2
60	109	5
60	110	1
60	111	2
60	112	1
60	113	2
61	0	3
61	1	1
61	2	2
61	3	1
61	4	5
61	5	1
61	6	1
61	7	2
61	8	2
61	9	3
61	11	4
61	12	3
61	13	1
61	14	1
61	15	1
61	16	3
61	19	1
61	20	1
61	21	1
61	22	1
61	23	4
61	26	4
61	27	4
61	28	2
61	29	1
61	30	1
61	31	3
61	32	1
61	33	3
61	35	1
61	36	2
61	37	3
61	39	4
61	40	4
61	41	2
61	42	1
61	43	3
61	44	2
61	45	3
61	46	3
61	47	1
61	48	4
61	49	3
61	50	1
61	51	1
61	52	3
61	53	4
61	54	1
61	55	3
61	56	3
61	57	3
61	58	1
61	59	3
61	60	3
61	62	1
61	63	4
61	64	3
61	65	4
61	66	3
61	67	4
61	68	1
61	69	6
61	70	2
61	71	7
61	72	2
61	73	4
61	74	3
61	75	4
61	76	1
61	77	4
61	78	3
61	79	4
61	80	3
61	82	1
61	83	2
61	84	2
61	85	2
61	86	4
61	87	3
61	88	2
61	89	4
61	90	4
61	91	2
61	92	3
61	93	4
61	94	4
61	96	2
61	97	2
61	98	2
61	99	2
61	100	3
61	101	5
61	102	3
61	103	1
61	105	2
61	106	2
61	107	3
61	108	1
61	109	4
61	110	1
61	111	5
61	112	1
61	113	2
62	0	4
62	1	4
62	2	6
62	3	4
62	4	4
62	5	1
62	6	6
62	7	1
62	8	3
62	9	5
62	11	2
62	12	3
62	13	2
62	14	1
62	15	1
62	16	1
62	17	1
62	18	1
62	19	2
62	20	2
62	21	1
62	23	2
62	25	3
62	26	2
62	27	3
62	28	2
62	29	3
62	31	2
62	32	5
62	33	2
62	35	1
62	36	1
62	37	3
62	38	1
62	40	3
62	41	2
62	43	7
62	44	3
62	45	4
62	46	1
62	47	5
62	48	3
62	49	5
62	50	4
62	51	3
62	52	3
62	53	7
62	54	2
62	55	4
62	56	4
62	57	3
62	58	2
62	59	3
62	60	2
62	61	1
62	63	5
62	64	4
62	65	1
62	66	5
62	67	4
62	68	1
62	69	7
62	70	5
62	71	4
62	72	4
62	73	6
62	74	2
62	75	3
62	77	7
62	78	3
62	79	4
62	80	5
62	82	2
62	83	1
62	84	4
62	85	1
62	86	3
62	87	2
62	88	3
62	89	2
62	90	3
62	91	3
62	92	3
62	93	3
62	94	3
62	96	3
62	97	2
62	98	5
62	99	1
62	100	5
62	101	6
62	102	6
62	103	5
62	104	2
62	105	2
62	106	2
62	107	5
62	108	4
62	109	4
62	110	1
62	111	2
62	112	2
63	0	9
63	1	10
63	2	6
63	3	10
63	4	9
63	5	3
63	6	10
63	7	3
63	8	4
63	9	9
63	10	1
63	11	6
63	12	11
63	13	4
63	14	6
63	15	6
63	16	4
63	18	2
63	19	1
63	20	2
63	21	2
63	22	1
63	23	8
63	24	2
63	25	6
63	26	7
63	27	10
63	28	9
63	29	2
63	30	1
63	31	5
63	32	7
63	33	8
63	34	1
63	35	5
63	36	2
63	37	4
63	38	2
63	39	6
63	40	7
63	41	8
63	42	2
63	43	10
63	44	3
63	45	12
63	46	6
63	47	7
63	48	12
63	49	10
63	50	4
63	51	7
63	52	11
63	53	14
63	54	2
63	55	6
63	56	10
63	57	6
63	58	3
63	59	10
63	60	3
63	61	4
63	62	5
63	64	10
63	65	5
63	66	9
63	67	5
63	68	5
63	69	18
63	70	8
63	71	15
63	72	8
63	73	11
63	74	3
63	75	7
63	76	1
63	77	7
63	78	9
63	79	8
63	80	12
63	81	1
63	82	1
63	83	4
63	84	5
63	85	3
63	86	9
63	87	11
63	88	5
63	89	7
63	90	10
63	91	10
63	92	12
63	93	11
63	94	12
63	96	7
63	97	3
63	98	10
63	99	5
63	100	15
63	101	15
63	102	10
63	103	9
63	105	8
63	106	8
63	107	14
63	108	5
63	109	9
63	110	2
63	111	10
63	112	2
63	113	2
64	0	9
64	1	6
64	2	6
64	3	7
64	4	4
64	5	3
64	6	5
64	7	4
64	8	3
64	9	7
64	11	4
64	12	8
64	13	3
64	14	3
64	15	4
64	16	2
64	18	1
64	19	2
64	20	1
64	21	1
64	23	8
64	24	2
64	25	5
64	26	6
64	27	8
64	28	6
64	29	1
64	30	2
64	31	7
64	32	8
64	33	6
64	35	3
64	36	2
64	37	4
64	38	2
64	39	6
64	40	7
64	41	6
64	42	1
64	43	6
64	44	3
64	45	7
64	46	7
64	47	7
64	48	11
64	49	8
64	50	2
64	51	6
64	52	7
64	53	11
64	54	2
64	55	6
64	56	8
64	57	4
64	58	2
64	59	5
64	60	1
64	61	3
64	62	4
64	63	10
64	65	3
64	66	6
64	67	5
64	68	3
64	69	11
64	70	5
64	71	10
64	72	7
64	73	9
64	74	4
64	75	4
64	76	2
64	77	6
64	78	7
64	79	8
64	80	7
64	82	1
64	83	2
64	84	5
64	85	5
64	86	5
64	87	9
64	88	4
64	89	4
64	90	6
64	91	10
64	92	11
64	93	8
64	94	10
64	95	2
64	96	7
64	97	2
64	98	7
64	99	3
64	100	9
64	101	10
64	102	11
64	103	7
64	105	6
64	106	5
64	107	7
64	108	3
64	109	3
64	110	1
64	111	6
64	112	2
64	113	1
65	0	4
65	1	5
65	2	5
65	3	5
65	4	4
65	5	1
65	6	2
65	7	1
65	8	1
65	9	3
65	10	1
65	11	10
65	12	3
65	13	5
65	14	5
65	15	4
65	16	1
65	18	3
65	20	2
65	22	2
65	23	4
65	25	3
65	26	4
65	27	5
65	28	7
65	29	2
65	30	1
65	31	6
65	32	2
65	33	8
65	35	4
65	36	1
65	37	3
65	38	1
65	39	5
65	40	5
65	41	5
65	43	11
65	44	4
65	45	3
65	46	3
65	47	8
65	48	5
65	49	4
65	50	2
65	51	3
65	52	4
65	53	11
65	54	1
65	55	6
65	56	5
65	57	6
65	58	4
65	59	2
65	60	5
65	61	4
65	62	1
65	63	5
65	64	3
65	66	2
65	67	4
65	68	4
65	69	13
65	70	6
65	71	12
65	72	6
65	73	7
65	74	4
65	75	2
65	76	2
65	77	7
65	78	6
65	79	8
65	80	5
65	82	1
65	83	2
65	84	5
65	85	1
65	86	13
65	87	6
65	88	3
65	89	6
65	90	5
65	91	8
65	92	6
65	93	9
65	94	7
65	95	1
65	96	3
65	97	1
65	98	10
65	99	1
65	100	9
65	101	12
65	102	9
65	103	6
65	105	7
65	106	5
65	107	10
65	108	4
65	109	9
65	110	1
65	111	8
65	112	3
65	113	6
66	0	5
66	1	10
66	2	5
66	3	5
66	4	5
66	5	2
66	6	6
66	7	3
66	8	5
66	9	6
66	11	5
66	12	6
66	13	3
66	14	5
66	15	3
66	16	5
66	18	2
66	19	3
66	20	2
66	21	2
66	23	7
66	24	2
66	25	4
66	26	7
66	27	6
66	28	5
66	29	4
66	31	5
66	32	7
66	33	4
66	35	2
66	36	2
66	37	5
66	38	1
66	39	5
66	40	8
66	41	8
66	42	3
66	43	11
66	44	6
66	45	7
66	46	5
66	47	8
66	48	10
66	49	5
66	50	3
66	51	4
66	52	7
66	53	14
66	54	3
66	55	5
66	56	4
66	57	5
66	58	3
66	59	6
66	60	2
66	61	3
66	62	5
66	63	9
66	64	6
66	65	2
66	67	4
66	68	3
66	69	10
66	70	5
66	71	13
66	72	5
66	73	7
66	74	3
66	75	4
66	76	1
66	77	7
66	78	5
66	79	7
66	80	9
66	82	1
66	83	3
66	84	4
66	85	3
66	86	7
66	87	5
66	88	5
66	89	7
66	90	6
66	91	10
66	92	7
66	93	7
66	94	10
66	95	1
66	96	6
66	97	2
66	98	6
66	99	3
66	100	8
66	101	11
66	102	8
66	103	7
66	104	1
66	105	7
66	106	4
66	107	6
66	108	2
66	109	6
66	110	2
66	111	6
66	112	1
66	113	6
67	0	6
67	1	2
67	2	7
67	3	3
67	4	5
67	5	1
67	6	3
67	7	3
67	8	4
67	9	7
67	11	7
67	12	5
67	13	3
67	14	1
67	15	3
67	16	3
67	17	1
67	18	1
67	19	2
67	20	1
67	23	6
67	25	2
67	26	3
67	27	5
67	28	3
67	29	2
67	31	4
67	32	4
67	33	5
67	35	1
67	36	2
67	37	3
67	38	1
67	39	2
67	40	6
67	41	2
67	43	6
67	44	3
67	45	4
67	46	2
67	47	5
67	48	5
67	49	6
67	50	3
67	51	6
67	52	5
67	53	10
67	54	2
67	55	5
67	56	5
67	57	5
67	58	3
67	59	3
67	60	4
67	61	4
67	62	4
67	63	5
67	64	5
67	65	4
67	66	4
67	68	2
67	69	9
67	70	3
67	71	10
67	72	6
67	73	5
67	74	3
67	75	4
67	76	1
67	77	2
67	78	5
67	79	5
67	80	5
67	82	2
67	83	1
67	84	5
67	85	2
67	86	5
67	87	6
67	88	3
67	89	3
67	90	6
67	91	3
67	92	6
67	93	7
67	94	8
67	96	3
67	97	3
67	98	6
67	99	2
67	100	7
67	101	9
67	102	7
67	103	5
67	104	1
67	105	3
67	106	7
67	107	9
67	108	3
67	109	4
67	110	1
67	111	3
67	112	4
67	113	3
68	0	3
68	1	4
68	2	3
68	3	4
68	4	5
68	5	1
68	6	4
68	8	1
68	9	3
68	11	3
68	12	4
68	13	2
68	14	2
68	15	1
68	16	1
68	17	1
68	18	2
68	19	1
68	20	1
68	22	1
68	23	4
68	25	2
68	26	2
68	27	4
68	28	2
68	29	2
68	31	3
68	32	3
68	33	2
68	35	1
68	37	2
68	39	3
68	40	5
68	41	3
68	43	4
68	44	2
68	45	3
68	46	2
68	47	5
68	48	3
68	49	4
68	50	1
68	51	1
68	52	3
68	53	6
68	54	1
68	55	4
68	56	6
68	57	1
68	58	2
68	59	2
68	60	1
68	61	1
68	62	1
68	63	5
68	64	3
68	65	4
68	66	3
68	67	2
68	69	7
68	70	2
68	71	6
68	72	4
68	73	5
68	75	1
68	76	2
68	77	2
68	78	5
68	79	6
68	80	4
68	83	1
68	84	4
68	85	1
68	86	3
68	87	4
68	88	3
68	89	3
68	90	2
68	91	6
68	92	6
68	93	7
68	94	6
68	95	2
68	96	2
68	98	5
68	100	7
68	101	4
68	102	6
68	103	4
68	105	6
68	106	4
68	107	5
68	108	2
68	111	4
68	112	1
68	113	3
69	0	11
69	1	14
69	2	13
69	3	14
69	4	12
69	5	8
69	6	11
69	7	8
69	8	4
69	9	10
69	10	3
69	11	13
69	12	15
69	13	7
69	14	7
69	15	5
69	16	4
69	17	1
69	18	4
69	19	3
69	20	3
69	21	2
69	22	4
69	23	10
69	24	2
69	25	10
69	26	9
69	27	16
69	28	13
69	29	3
69	30	3
69	31	11
69	32	10
69	33	14
69	35	4
69	36	2
69	37	8
69	38	4
69	39	7
69	40	14
69	41	12
69	42	3
69	43	19
69	44	9
69	45	12
69	46	6
69	47	14
69	48	16
69	49	12
69	50	7
69	51	9
69	52	14
69	53	31
69	54	3
69	55	11
69	56	13
69	57	11
69	58	6
69	59	9
69	60	5
69	61	6
69	62	7
69	63	18
69	64	11
69	65	13
69	66	10
69	67	9
69	68	7
69	70	12
69	71	23
69	72	12
69	73	16
69	74	8
69	75	4
69	76	4
69	77	14
69	78	11
69	79	16
69	80	17
69	82	1
69	83	4
69	84	8
69	85	5
69	86	20
69	87	16
69	88	11
69	89	10
69	90	9
69	91	20
69	92	15
69	93	18
69	94	16
69	95	3
69	96	7
69	97	3
69	98	16
69	99	6
69	100	18
69	101	22
69	102	20
69	103	13
69	104	5
69	105	14
69	106	10
69	107	21
69	108	7
69	109	14
69	110	3
69	111	11
69	112	7
69	113	7
70	0	6
70	1	7
70	2	8
70	3	7
70	4	4
70	5	4
70	6	5
70	7	2
70	8	2
70	9	4
70	10	1
70	11	6
70	12	8
70	13	3
70	14	4
70	15	4
70	16	4
70	18	4
70	19	3
70	20	2
70	21	1
70	22	2
70	23	6
70	24	1
70	25	4
70	26	3
70	27	6
70	28	5
70	29	3
70	31	3
70	32	3
70	33	4
70	34	1
70	35	3
70	36	2
70	37	5
70	39	5
70	40	7
70	41	6
70	42	1
70	43	11
70	44	2
70	45	6
70	46	4
70	47	9
70	48	7
70	49	10
70	50	4
70	51	5
70	52	3
70	53	10
70	54	2
70	55	5
70	56	11
70	57	5
70	58	3
70	59	5
70	60	3
70	61	2
70	62	5
70	63	8
70	64	5
70	65	6
70	66	5
70	67	3
70	68	2
70	69	12
70	71	6
70	72	4
70	73	8
70	74	4
70	75	3
70	76	1
70	77	7
70	78	6
70	79	6
70	80	7
70	81	1
70	82	1
70	83	4
70	84	5
70	85	2
70	86	6
70	87	7
70	88	2
70	89	6
70	90	5
70	91	6
70	92	8
70	93	7
70	94	5
70	95	1
70	96	6
70	97	2
70	98	8
70	99	4
70	100	9
70	101	12
70	102	9
70	103	6
70	104	1
70	105	6
70	106	5
70	107	8
70	108	2
70	109	5
70	111	6
70	112	3
70	113	2
71	0	10
71	1	14
71	2	7
71	3	11
71	4	8
71	5	2
71	6	11
71	7	5
71	8	7
71	9	10
71	10	3
71	11	12
71	12	10
71	13	7
71	14	6
71	15	4
71	16	5
71	18	4
71	19	4
71	20	1
71	21	2
71	22	2
71	23	12
71	24	2
71	25	7
71	26	9
71	27	13
71	28	12
71	29	4
71	30	1
71	31	13
71	32	8
71	33	11
71	34	1
71	35	3
71	36	2
71	37	7
71	38	3
71	39	7
71	40	12
71	41	14
71	42	4
71	43	17
71	44	8
71	45	11
71	46	8
71	47	14
71	48	17
71	49	10
71	50	5
71	51	9
71	52	13
71	53	19
71	54	4
71	55	11
71	56	9
71	57	9
71	58	5
71	59	10
71	60	7
71	61	7
71	62	4
71	63	15
71	64	10
71	65	12
71	66	13
71	67	10
71	68	6
71	69	23
71	70	6
71	72	12
71	73	13
71	74	5
71	75	9
71	76	4
71	77	9
71	78	12
71	79	11
71	80	14
71	82	1
71	83	4
71	84	8
71	85	4
71	86	13
71	87	10
71	88	6
71	89	10
71	90	12
71	91	19
71	92	14
71	93	15
71	94	16
71	95	1
71	96	9
71	97	3
71	98	13
71	99	3
71	100	16
71	101	21
71	102	15
71	103	11
71	104	4
71	105	10
71	106	12
71	107	19
71	108	7
71	109	12
71	110	3
71	111	10
71	112	2
71	113	10
72	0	6
72	1	4
72	2	5
72	3	5
72	4	5
72	6	4
72	7	3
72	8	4
72	9	5
72	11	5
72	12	5
72	13	5
72	14	2
72	15	2
72	16	1
72	18	1
72	20	1
72	23	8
72	24	1
72	25	4
72	26	3
72	27	6
72	28	7
72	29	2
72	30	1
72	31	4
72	32	4
72	33	9
72	35	2
72	36	1
72	37	3
72	38	1
72	39	5
72	40	6
72	41	5
72	43	6
72	44	2
72	45	8
72	46	3
72	47	8
72	48	7
72	49	4
72	50	2
72	51	7
72	52	5
72	53	8
72	54	1
72	55	4
72	56	5
72	57	3
72	58	2
72	59	5
72	60	4
72	61	2
72	62	4
72	63	8
72	64	7
72	65	6
72	66	5
72	67	6
72	68	4
72	69	12
72	70	4
72	71	12
72	73	8
72	74	3
72	75	4
72	76	1
72	77	3
72	78	4
72	79	9
72	80	6
72	82	1
72	83	2
72	84	5
72	85	1
72	86	10
72	87	7
72	88	3
72	89	4
72	90	5
72	91	7
72	92	8
72	93	8
72	94	8
72	95	1
72	96	3
72	97	1
72	98	9
72	99	2
72	100	9
72	101	8
72	102	8
72	103	7
72	105	5
72	106	4
72	107	10
72	108	4
72	109	3
72	110	3
72	111	7
72	112	2
72	113	3
73	0	9
73	1	11
73	2	8
73	3	13
73	4	9
73	5	4
73	6	9
73	7	3
73	8	3
73	9	10
73	10	1
73	11	6
73	12	13
73	13	5
73	14	8
73	15	4
73	16	2
73	17	1
73	18	3
73	19	1
73	20	2
73	21	1
73	22	2
73	23	5
73	24	3
73	25	8
73	26	4
73	27	8
73	28	8
73	29	3
73	31	10
73	32	9
73	33	7
73	35	4
73	36	1
73	37	5
73	38	2
73	39	5
73	40	7
73	41	9
73	42	3
73	43	14
73	44	7
73	45	5
73	46	6
73	47	10
73	48	10
73	49	12
73	50	5
73	51	8
73	52	8
73	53	15
73	54	2
73	55	8
73	56	9
73	57	8
73	58	6
73	59	8
73	60	3
73	61	4
73	62	6
73	63	11
73	64	9
73	65	7
73	66	7
73	67	5
73	68	5
73	69	16
73	70	8
73	71	13
73	72	8
73	74	3
73	75	7
73	76	3
73	77	6
73	78	9
73	79	9
73	80	11
73	82	2
73	83	3
73	84	8
73	85	4
73	86	12
73	87	10
73	88	6
73	89	9
73	90	6
73	91	13
73	92	11
73	93	9
73	94	9
73	95	2
73	96	6
73	97	4
73	98	12
73	99	4
73	100	12
73	101	13
73	102	12
73	103	9
73	104	2
73	105	9
73	106	8
73	107	13
73	108	9
73	109	10
73	110	3
73	111	7
73	112	5
73	113	7
74	0	5
74	1	4
74	2	5
74	3	4
74	4	3
74	5	1
74	6	3
74	7	5
74	8	1
74	9	4
74	10	2
74	11	5
74	12	4
74	13	3
74	14	2
74	15	2
74	16	1
74	18	2
74	20	2
74	21	1
74	23	4
74	24	1
74	25	2
74	26	4
74	27	3
74	28	5
74	29	1
74	30	1
74	31	5
74	32	4
74	33	5
74	35	5
74	36	1
74	37	2
74	38	2
74	39	3
74	40	3
74	41	3
74	42	1
74	43	4
74	44	1
74	45	5
74	46	3
74	47	4
74	48	6
74	49	6
74	50	1
74	51	2
74	52	2
74	53	7
74	55	3
74	56	3
74	57	4
74	58	2
74	59	3
74	60	1
74	61	3
74	62	2
74	63	3
74	64	4
74	65	4
74	66	3
74	67	3
74	69	8
74	70	4
74	71	5
74	72	3
74	73	3
74	75	4
74	77	1
74	78	6
74	79	7
74	80	6
74	82	1
74	83	2
74	84	4
74	85	2
74	86	5
74	87	5
74	88	2
74	89	3
74	90	4
74	91	3
74	92	4
74	93	5
74	94	6
74	96	3
74	97	3
74	98	4
74	99	3
74	100	4
74	101	6
74	102	4
74	103	4
74	104	3
74	105	3
74	106	1
74	107	7
74	108	5
74	109	8
74	111	6
74	112	1
74	113	2
75	0	8
75	1	5
75	2	4
75	3	4
75	4	6
75	5	1
75	6	6
75	7	2
75	8	2
75	9	6
75	10	1
75	11	3
75	12	2
75	13	2
75	14	3
75	15	3
75	16	2
75	18	2
75	21	1
75	23	3
75	24	2
75	25	3
75	26	1
75	27	5
75	28	4
75	31	6
75	32	4
75	33	3
75	34	1
75	35	4
75	37	1
75	38	1
75	39	1
75	40	4
75	41	3
75	42	1
75	43	6
75	44	1
75	45	4
75	46	2
75	47	5
75	48	5
75	49	4
75	50	2
75	51	2
75	52	3
75	53	7
75	54	2
75	55	2
75	56	4
75	57	4
75	59	2
75	60	1
75	61	4
75	62	3
75	63	7
75	64	4
75	65	2
75	66	4
75	67	4
75	68	1
75	69	4
75	70	3
75	71	9
75	72	4
75	73	7
75	74	4
75	77	1
75	78	3
75	79	6
75	80	8
75	81	1
75	83	2
75	84	4
75	85	2
75	86	5
75	87	2
75	88	2
75	89	4
75	90	4
75	91	4
75	92	5
75	93	4
75	94	6
75	96	2
75	97	3
75	98	5
75	99	1
75	100	6
75	101	9
75	102	5
75	103	3
75	104	1
75	105	3
75	106	3
75	107	5
75	108	4
75	109	7
75	110	2
75	111	6
76	0	1
76	7	1
76	8	1
76	9	1
76	10	1
76	11	1
76	12	1
76	13	1
76	19	1
76	23	2
76	25	1
76	26	1
76	27	3
76	28	1
76	31	4
76	32	2
76	33	2
76	37	1
76	39	1
76	40	4
76	41	1
76	42	1
76	43	1
76	44	2
76	46	5
76	47	2
76	48	1
76	50	1
76	52	1
76	53	3
76	55	2
76	56	2
76	57	3
76	61	1
76	63	1
76	64	2
76	65	2
76	66	1
76	67	1
76	68	2
76	69	4
76	70	1
76	71	4
76	72	1
76	73	3
76	77	2
76	78	2
76	79	2
76	80	1
76	85	1
76	86	2
76	87	1
76	88	2
76	91	5
76	92	2
76	93	2
76	94	2
76	95	1
76	98	3
76	100	2
76	101	2
76	102	3
76	103	1
76	105	2
76	106	2
76	107	2
76	108	1
76	109	1
76	111	2
76	112	1
76	113	2
77	0	3
77	1	7
77	2	3
77	3	4
77	4	7
77	5	5
77	6	2
77	7	2
77	8	4
77	9	4
77	11	5
77	12	4
77	13	5
77	14	3
77	15	3
77	16	4
77	18	2
77	19	3
77	20	4
77	21	1
77	22	4
77	23	5
77	25	2
77	26	6
77	27	7
77	28	3
77	29	2
77	30	1
77	31	3
77	32	5
77	33	4
77	35	1
77	36	2
77	37	6
77	38	1
77	39	4
77	40	6
77	41	5
77	42	2
77	43	9
77	44	5
77	45	6
77	46	6
77	47	9
77	48	7
77	49	6
77	50	2
77	51	3
77	52	7
77	53	11
77	54	2
77	55	4
77	56	6
77	57	6
77	58	4
77	59	4
77	60	4
77	61	4
77	62	7
77	63	7
77	64	6
77	65	7
77	66	7
77	67	2
77	68	2
77	69	14
77	70	7
77	71	9
77	72	3
77	73	6
77	74	1
77	75	1
77	76	2
77	78	6
77	79	4
77	80	7
77	82	1
77	83	2
77	84	2
77	85	3
77	86	8
77	87	8
77	88	2
77	89	6
77	90	8
77	91	12
77	92	6
77	93	9
77	94	5
77	95	3
77	96	6
77	97	2
77	98	5
77	99	2
77	100	9
77	101	8
77	102	12
77	103	3
77	104	1
77	105	9
77	106	4
77	107	5
77	108	2
77	109	7
77	110	1
77	111	5
77	112	7
77	113	4
78	0	6
78	1	11
78	2	8
78	3	10
78	4	8
78	5	4
78	6	7
78	7	3
78	8	3
78	9	8
78	10	2
78	11	8
78	12	11
78	13	5
78	14	5
78	15	4
78	16	1
78	17	1
78	18	6
78	19	2
78	20	2
78	21	3
78	22	1
78	23	7
78	24	1
78	25	4
78	26	4
78	27	8
78	28	8
78	29	4
78	30	1
78	31	6
78	32	7
78	33	7
78	35	3
78	36	2
78	37	4
78	38	4
78	39	6
78	40	6
78	41	5
78	42	1
78	43	9
78	44	2
78	45	6
78	46	6
78	47	8
78	48	8
78	49	13
78	50	5
78	51	5
78	52	6
78	53	13
78	54	3
78	55	7
78	56	11
78	57	9
78	58	5
78	59	7
78	60	3
78	61	3
78	62	3
78	63	9
78	64	7
78	65	6
78	66	5
78	67	5
78	68	5
78	69	11
78	70	6
78	71	12
78	72	4
78	73	9
78	74	6
78	75	3
78	76	2
78	77	6
78	79	9
78	80	9
78	82	2
78	83	4
78	84	8
78	85	5
78	86	6
78	87	9
78	88	3
78	89	6
78	90	9
78	91	12
78	92	10
78	93	12
78	94	8
78	95	1
78	96	10
78	97	4
78	98	10
78	99	5
78	100	10
78	101	12
78	102	15
78	103	7
78	104	2
78	105	8
78	106	7
78	107	12
78	108	5
78	109	7
78	111	6
78	112	6
78	113	6
79	0	10
79	1	8
79	2	9
79	3	7
79	4	8
79	5	2
79	6	8
79	7	2
79	8	3
79	9	8
79	11	9
79	12	11
79	13	2
79	14	5
79	15	2
79	16	3
79	18	4
79	19	1
79	21	1
79	22	3
79	23	7
79	24	2
79	25	6
79	26	5
79	27	10
79	28	10
79	29	1
79	30	1
79	31	9
79	32	6
79	33	8
79	35	5
79	37	4
79	38	1
79	39	5
79	40	9
79	41	7
79	42	1
79	43	10
79	44	4
79	45	6
79	46	6
79	47	7
79	48	8
79	49	10
79	50	5
79	51	4
79	52	6
79	53	16
79	54	1
79	55	9
79	56	7
79	57	7
79	58	3
79	59	3
79	60	3
79	61	4
79	62	4
79	63	8
79	64	8
79	65	8
79	66	7
79	67	5
79	68	6
79	69	16
79	70	6
79	71	11
79	72	9
79	73	9
79	74	7
79	75	6
79	76	2
79	77	4
79	78	9
79	80	10
79	83	2
79	84	6
79	85	2
79	86	11
79	87	8
79	88	5
79	89	7
79	90	5
79	91	11
79	92	12
79	93	10
79	94	11
79	95	1
79	96	4
79	97	3
79	98	9
79	99	3
79	100	10
79	101	14
79	102	13
79	103	9
79	104	1
79	105	10
79	106	9
79	107	16
79	108	5
79	109	10
79	110	2
79	111	9
79	112	1
79	113	3
80	0	9
80	1	7
80	2	7
80	3	12
80	4	8
80	5	3
80	6	12
80	7	5
80	8	5
80	9	6
80	10	2
80	11	7
80	12	8
80	13	4
80	14	7
80	15	3
80	16	5
80	18	3
80	19	2
80	20	1
80	21	2
80	23	7
80	24	2
80	25	5
80	26	6
80	27	10
80	28	10
80	29	3
80	30	1
80	31	5
80	32	6
80	33	7
80	35	6
80	36	1
80	37	4
80	38	3
80	39	6
80	40	10
80	41	12
80	42	2
80	43	10
80	44	3
80	45	13
80	46	6
80	47	7
80	48	11
80	49	12
80	50	8
80	51	7
80	52	8
80	53	15
80	54	4
80	55	6
80	56	8
80	57	7
80	58	1
80	59	8
80	60	2
80	61	3
80	62	5
80	63	12
80	64	7
80	65	5
80	66	9
80	67	5
80	68	4
80	69	17
80	70	7
80	71	14
80	72	6
80	73	11
80	74	6
80	75	8
80	76	1
80	77	7
80	78	9
80	79	10
80	83	4
80	84	5
80	85	4
80	86	12
80	87	8
80	88	5
80	89	6
80	90	6
80	91	12
80	92	8
80	93	11
80	94	13
80	96	6
80	97	2
80	98	12
80	99	4
80	100	10
80	101	14
80	102	11
80	103	8
80	104	1
80	105	7
80	106	10
80	107	18
80	108	5
80	109	11
80	110	1
80	111	8
80	112	1
80	113	3
81	0	1
81	10	1
81	34	1
81	63	1
81	70	1
81	75	1
81	101	1
81	106	1
82	0	1
82	1	1
82	2	2
82	3	1
82	4	2
82	6	1
82	8	1
82	9	2
82	11	1
82	12	1
82	13	1
82	15	1
82	17	1
82	19	1
82	20	1
82	23	1
82	26	2
82	29	2
82	31	1
82	32	2
82	33	1
82	36	1
82	37	2
82	38	1
82	43	2
82	44	2
82	45	1
82	46	1
82	47	1
82	48	1
82	49	2
82	50	1
82	51	1
82	52	1
82	53	2
82	55	2
82	56	1
82	57	1
82	58	2
82	59	1
82	60	2
82	61	1
82	62	2
82	63	1
82	64	1
82	65	1
82	66	1
82	67	2
82	69	1
82	70	1
82	71	1
82	72	1
82	73	2
82	74	1
82	77	1
82	78	2
82	83	1
82	84	2
82	85	1
82	86	1
82	87	1
82	89	1
82	90	1
82	92	1
82	93	1
82	94	1
82	96	1
82	97	2
82	98	1
82	99	1
82	100	2
82	101	1
82	102	1
82	103	2
82	104	1
82	105	1
82	107	1
82	108	1
82	109	1
82	111	1
82	112	1
83	0	3
83	1	3
83	2	4
83	3	3
83	4	3
83	5	1
83	6	3
83	7	1
83	8	1
83	9	2
83	11	3
83	12	3
83	13	1
83	14	4
83	15	2
83	16	1
83	18	2
83	20	1
83	21	2
83	23	4
83	24	1
83	25	1
83	26	2
83	27	2
83	28	2
83	29	2
83	31	1
83	32	2
83	33	4
83	35	2
83	36	1
83	37	3
83	39	3
83	40	3
83	41	3
83	42	2
83	43	3
83	44	2
83	45	4
83	46	3
83	47	3
83	48	3
83	49	4
83	50	1
83	51	4
83	52	3
83	53	4
83	55	3
83	56	4
83	57	2
83	58	1
83	59	5
83	60	3
83	61	2
83	62	1
83	63	4
83	64	2
83	65	2
83	66	3
83	67	1
83	68	1
83	69	4
83	70	4
83	71	4
83	72	2
83	73	3
83	74	2
83	75	2
83	77	2
83	78	4
83	79	2
83	80	4
83	82	1
83	84	3
83	85	1
83	86	2
83	87	2
83	89	2
83	90	4
83	91	2
83	92	3
83	93	3
83	94	3
83	96	4
83	97	2
83	98	3
83	99	2
83	100	4
83	101	4
83	102	3
83	103	3
83	105	3
83	106	1
83	107	2
83	108	1
83	109	2
83	111	3
83	112	1
84	0	8
84	1	7
84	2	10
84	3	6
84	4	6
84	5	3
84	6	6
84	7	2
84	8	3
84	9	6
84	11	5
84	12	6
84	13	3
84	14	5
84	15	2
84	17	2
84	18	3
84	19	1
84	20	1
84	21	1
84	23	6
84	24	1
84	25	4
84	26	3
84	27	4
84	28	5
84	29	3
84	31	7
84	32	5
84	33	4
84	35	2
84	36	1
84	37	6
84	38	1
84	39	3
84	40	3
84	41	4
84	42	1
84	43	8
84	44	2
84	45	4
84	46	3
84	47	6
84	48	6
84	49	8
84	50	3
84	51	5
84	52	4
84	53	10
84	54	1
84	55	6
84	56	6
84	57	7
84	58	3
84	59	4
84	60	3
84	61	2
84	62	4
84	63	5
84	64	5
84	65	5
84	66	4
84	67	5
84	68	4
84	69	8
84	70	5
84	71	8
84	72	5
84	73	8
84	74	4
84	75	4
84	77	2
84	78	8
84	79	6
84	80	5
84	82	2
84	83	3
84	85	2
84	86	5
84	87	5
84	88	3
84	89	7
84	90	5
84	91	6
84	92	5
84	93	6
84	94	10
84	96	7
84	97	5
84	98	8
84	99	2
84	100	8
84	101	7
84	102	9
84	103	6
84	104	1
84	105	6
84	106	2
84	107	7
84	108	5
84	109	6
84	111	6
84	112	2
84	113	1
85	0	3
85	1	2
85	2	3
85	3	2
85	4	2
85	5	2
85	6	2
85	7	3
85	8	3
85	9	3
85	11	2
85	12	3
85	13	1
85	14	2
85	15	2
85	16	1
85	17	1
85	18	1
85	19	3
85	21	1
85	23	4
85	24	1
85	25	2
85	26	5
85	27	4
85	28	4
85	29	1
85	30	1
85	31	5
85	32	3
85	33	2
85	35	2
85	36	1
85	37	3
85	38	2
85	39	4
85	40	4
85	41	3
85	42	2
85	43	3
85	44	2
85	45	3
85	46	3
85	47	4
85	48	8
85	49	4
85	50	2
85	51	1
85	52	2
85	53	6
85	54	2
85	55	4
85	56	3
85	57	3
85	58	2
85	59	1
85	60	1
85	61	2
85	62	1
85	63	3
85	64	5
85	65	1
85	66	3
85	67	2
85	68	1
85	69	5
85	70	2
85	71	4
85	72	1
85	73	4
85	74	2
85	75	2
85	76	1
85	77	3
85	78	5
85	79	2
85	80	4
85	82	1
85	83	1
85	84	2
85	86	3
85	87	2
85	88	2
85	89	3
85	90	3
85	91	6
85	92	6
85	93	6
85	94	3
85	95	2
85	96	4
85	97	2
85	98	1
85	99	3
85	100	4
85	101	4
85	102	6
85	103	4
85	104	2
85	105	3
85	106	2
85	107	4
85	108	1
85	109	4
85	111	3
85	112	1
85	113	3
86	0	5
86	1	5
86	2	6
86	3	10
86	4	3
86	5	1
86	6	7
86	7	5
86	8	3
86	9	4
86	10	1
86	11	8
86	12	10
86	13	5
86	14	5
86	15	5
86	16	3
86	18	3
86	19	1
86	20	1
86	22	2
86	23	4
86	24	1
86	25	6
86	26	7
86	27	9
86	28	12
86	29	3
86	30	4
86	31	6
86	32	3
86	33	15
86	35	6
86	36	1
86	37	3
86	38	3
86	39	8
86	40	6
86	41	7
86	43	12
86	44	3
86	45	10
86	46	6
86	47	13
86	48	10
86	49	6
86	50	7
86	51	7
86	52	6
86	53	20
86	54	1
86	55	6
86	56	6
86	57	7
86	58	3
86	59	6
86	60	4
86	61	4
86	62	3
86	63	9
86	64	5
86	65	13
86	66	7
86	67	5
86	68	3
86	69	20
86	70	6
86	71	13
86	72	10
86	73	12
86	74	5
86	75	5
86	76	2
86	77	8
86	78	6
86	79	11
86	80	12
86	82	1
86	83	2
86	84	5
86	85	3
86	87	12
86	88	5
86	89	6
86	90	5
86	91	9
86	92	7
86	93	11
86	94	14
86	96	3
86	97	3
86	98	13
86	99	4
86	100	10
86	101	17
86	102	9
86	103	7
86	104	4
86	105	8
86	106	7
86	107	18
86	108	4
86	109	11
86	110	2
86	111	11
86	112	3
86	113	8
87	0	6
87	1	8
87	2	6
87	3	11
87	4	8
87	5	5
87	6	7
87	7	4
87	8	4
87	9	7
87	10	1
87	11	7
87	12	12
87	13	4
87	14	5
87	15	4
87	16	4
87	18	2
87	19	1
87	20	2
87	22	3
87	23	5
87	24	1
87	25	3
87	26	8
87	27	8
87	28	6
87	29	2
87	30	2
87	31	5
87	32	5
87	33	7
87	35	4
87	36	2
87	37	4
87	38	3
87	39	9
87	40	4
87	41	7
87	42	1
87	43	10
87	44	3
87	45	7
87	46	7
87	47	8
87	48	9
87	49	9
87	50	4
87	51	6
87	52	6
87	53	14
87	54	1
87	55	5
87	56	9
87	57	7
87	58	5
87	59	6
87	60	2
87	61	3
87	62	2
87	63	11
87	64	9
87	65	6
87	66	5
87	67	6
87	68	4
87	69	16
87	70	7
87	71	10
87	72	7
87	73	10
87	74	5
87	75	2
87	76	1
87	77	8
87	78	9
87	79	8
87	80	8
87	82	1
87	83	2
87	84	5
87	85	2
87	86	12
87	88	5
87	89	9
87	90	5
87	91	13
87	92	13
87	93	14
87	94	10
87	95	2
87	96	6
87	97	1
87	98	9
87	99	2
87	100	11
87	101	10
87	102	12
87	103	6
87	104	1
87	105	9
87	106	6
87	107	10
87	108	4
87	109	8
87	110	2
87	111	8
87	112	5
87	113	4
88	0	3
88	1	3
88	2	3
88	3	3
88	4	4
88	5	1
88	6	3
88	7	5
88	8	1
88	9	6
88	10	1
88	11	2
88	12	5
88	13	1
88	14	3
88	15	1
88	16	3
88	19	1
88	20	1
88	22	1
88	23	3
88	24	1
88	25	3
88	26	5
88	27	4
88	28	5
88	31	4
88	32	4
88	33	3
88	35	1
88	36	2
88	37	1
88	38	1
88	39	2
88	40	5
88	41	5
88	43	6
88	44	2
88	45	2
88	46	3
88	47	4
88	48	5
88	49	2
88	50	4
88	52	5
88	53	7
88	54	3
88	55	2
88	56	3
88	57	3
88	58	1
88	59	5
88	61	2
88	62	3
88	63	5
88	64	4
88	65	3
88	66	5
88	67	3
88	68	3
88	69	11
88	70	2
88	71	6
88	72	3
88	73	6
88	74	2
88	75	2
88	76	2
88	77	2
88	78	3
88	79	5
88	80	5
88	84	3
88	85	2
88	86	5
88	87	5
88	89	3
88	90	2
88	91	7
88	92	7
88	93	5
88	94	4
88	96	2
88	98	5
88	99	2
88	100	3
88	101	5
88	102	6
88	103	2
88	104	1
88	105	3
88	106	6
88	107	4
88	108	2
88	109	4
88	110	1
88	111	3
88	113	4
89	0	8
89	1	9
89	2	6
89	3	5
89	4	9
89	5	2
89	6	7
89	7	1
89	8	4
89	9	7
89	11	4
89	12	9
89	13	3
89	14	6
89	15	1
89	16	2
89	17	1
89	18	2
89	19	1
89	20	1
89	22	4
89	23	6
89	25	2
89	26	5
89	27	10
89	28	5
89	29	3
89	31	3
89	32	4
89	33	4
89	35	1
89	36	2
89	37	5
89	39	5
89	40	4
89	41	5
89	42	1
89	43	9
89	44	3
89	45	4
89	46	2
89	47	8
89	48	9
89	49	7
89	50	6
89	51	3
89	52	4
89	53	10
89	54	3
89	55	4
89	56	7
89	57	9
89	58	3
89	59	6
89	60	6
89	61	4
89	62	2
89	63	7
89	64	4
89	65	6
89	66	7
89	67	3
89	68	3
89	69	10
89	70	6
89	71	10
89	72	4
89	73	9
89	74	3
89	75	4
89	77	6
89	78	6
89	79	7
89	80	6
89	82	1
89	83	2
89	84	7
89	85	3
89	86	6
89	87	9
89	88	3
89	90	6
89	91	10
89	92	6
89	93	8
89	94	7
89	95	1
89	96	7
89	97	2
89	98	8
89	99	2
89	100	8
89	101	7
89	102	10
89	103	6
89	105	10
89	106	4
89	107	6
89	108	3
89	109	3
89	111	3
89	112	2
89	113	5
90	0	7
90	1	5
90	2	6
90	3	7
90	4	7
90	5	2
90	6	5
90	7	3
90	8	3
90	9	6
90	10	1
90	11	5
90	12	9
90	13	3
90	14	4
90	15	4
90	16	4
90	18	3
90	19	1
90	20	1
90	21	2
90	22	2
90	23	7
90	24	1
90	25	3
90	26	5
90	27	7
90	28	6
90	29	2
90	30	1
90	31	4
90	32	3
90	33	7
90	35	3
90	36	2
90	37	4
90	38	2
90	39	5
90	40	5
90	41	6
90	42	2
90	43	9
90	44	4
90	45	9
90	46	3
90	47	7
90	48	7
90	49	8
90	50	2
90	51	8
90	52	5
90	53	6
90	54	2
90	55	6
90	56	7
90	57	5
90	58	3
90	59	5
90	60	5
90	61	4
90	62	3
90	63	10
90	64	6
90	65	5
90	66	6
90	67	6
90	68	2
90	69	9
90	70	5
90	71	12
90	72	5
90	73	6
90	74	4
90	75	4
90	77	8
90	78	9
90	79	5
90	80	6
90	82	1
90	83	4
90	84	5
90	85	3
90	86	5
90	87	5
90	88	2
90	89	6
90	91	6
90	92	7
90	93	7
90	94	7
90	96	7
90	97	3
90	98	6
90	99	3
90	100	8
90	101	8
90	102	7
90	103	7
90	104	1
90	105	5
90	106	5
90	107	7
90	108	4
90	109	7
90	110	1
90	111	5
90	112	2
90	113	3
91	0	8
91	1	14
91	2	6
91	3	8
91	4	7
91	5	7
91	6	8
91	7	3
91	8	4
91	9	11
91	10	2
91	11	7
91	12	10
91	13	7
91	14	6
91	15	4
91	16	3
91	18	3
91	19	2
91	20	2
91	21	1
91	22	4
91	23	9
91	24	2
91	25	7
91	26	6
91	27	11
91	28	8
91	29	3
91	30	1
91	31	11
91	32	9
91	33	8
91	35	4
91	36	1
91	37	6
91	38	3
91	39	7
91	40	10
91	41	10
91	42	3
91	43	14
91	44	4
91	45	5
91	46	9
91	47	14
91	48	12
91	49	7
91	50	7
91	51	5
91	52	9
91	53	18
91	54	4
91	55	7
91	56	12
91	57	9
91	58	4
91	59	6
91	60	2
91	61	2
91	62	3
91	63	10
91	64	10
91	65	8
91	66	10
91	67	3
91	68	6
91	69	20
91	70	6
91	71	19
91	72	7
91	73	13
91	74	3
91	75	4
91	76	5
91	77	12
91	78	12
91	79	11
91	80	12
91	83	2
91	84	6
91	85	6
91	86	9
91	87	13
91	88	7
91	89	10
91	90	6
91	92	12
91	93	14
91	94	12
91	95	4
91	96	10
91	97	1
91	98	13
91	99	3
91	100	13
91	101	17
91	102	20
91	103	8
91	104	2
91	105	13
91	106	8
91	107	11
91	108	5
91	109	6
91	110	1
91	111	8
91	112	7
91	113	8
92	0	8
92	1	9
92	2	6
92	3	9
92	4	10
92	5	4
92	6	7
92	7	5
92	8	4
92	9	8
92	11	8
92	12	9
92	13	4
92	14	5
92	15	5
92	16	4
92	18	3
92	19	3
92	20	2
92	21	1
92	22	2
92	23	8
92	24	2
92	25	6
92	26	8
92	27	8
92	28	9
92	29	2
92	30	2
92	31	8
92	32	8
92	33	8
92	35	4
92	36	3
92	37	4
92	38	2
92	39	7
92	40	7
92	41	7
92	42	2
92	43	8
92	44	5
92	45	7
92	46	7
92	47	8
92	48	12
92	49	10
92	50	2
92	51	5
92	52	8
92	53	13
92	54	2
92	55	9
92	56	11
92	57	4
92	58	5
92	59	7
92	60	2
92	61	3
92	62	3
92	63	12
92	64	11
92	65	6
92	66	7
92	67	6
92	68	6
92	69	15
92	70	8
92	71	14
92	72	8
92	73	11
92	74	4
92	75	5
92	76	2
92	77	6
92	78	10
92	79	12
92	80	8
92	82	1
92	83	3
92	84	5
92	85	6
92	86	7
92	87	13
92	88	7
92	89	6
92	90	7
92	91	12
92	93	10
92	94	10
92	95	2
92	96	7
92	97	2
92	98	9
92	99	3
92	100	11
92	101	13
92	102	12
92	103	8
92	104	2
92	105	9
92	106	7
92	107	7
92	108	4
92	109	5
92	110	2
92	111	10
92	112	3
92	113	4
93	0	9
93	1	9
93	2	8
93	3	10
93	4	11
93	5	4
93	6	9
93	7	3
93	8	6
93	9	11
93	10	2
93	11	7
93	12	10
93	13	6
93	14	6
93	15	3
93	16	3
93	17	2
93	18	2
93	19	4
93	20	3
93	21	1
93	22	3
93	23	10
93	24	1
93	25	4
93	26	8
93	27	13
93	28	6
93	29	4
93	30	1
93	31	7
93	32	6
93	33	11
93	34	1
93	35	3
93	36	1
93	37	8
93	38	4
93	39	7
93	40	8
93	41	7
93	42	1
93	43	16
93	44	4
93	45	10
93	46	6
93	47	12
93	48	12
93	49	9
93	50	7
93	51	3
93	52	6
93	53	15
93	54	3
93	55	9
93	56	10
93	57	8
93	58	3
93	59	9
93	60	5
93	61	4
93	62	3
93	63	11
93	64	8
93	65	9
93	66	7
93	67	7
93	68	7
93	69	18
93	70	7
93	71	15
93	72	8
93	73	9
93	74	5
93	75	4
93	76	2
93	77	9
93	78	12
93	79	10
93	80	11
93	82	1
93	83	3
93	84	6
93	85	6
93	86	11
93	87	14
93	88	5
93	89	8
93	90	7
93	91	14
93	92	10
93	94	15
93	95	3
93	96	5
93	97	3
93	98	11
93	99	4
93	100	13
93	101	12
93	102	17
93	103	8
93	104	3
93	105	12
93	106	6
93	107	14
93	108	5
93	109	14
93	110	2
93	111	8
93	112	5
93	113	7
94	0	11
94	1	9
94	2	9
94	3	8
94	4	12
94	5	4
94	6	12
94	7	1
94	8	3
94	9	8
94	10	1
94	11	9
94	12	8
94	13	5
94	14	10
94	15	4
94	16	4
94	17	1
94	18	3
94	19	1
94	20	1
94	21	1
94	22	2
94	23	11
94	24	1
94	25	6
94	26	8
94	27	13
94	28	4
94	29	3
94	30	2
94	31	11
94	32	9
94	33	11
94	35	5
94	36	1
94	37	7
94	38	5
94	39	7
94	40	13
94	41	7
94	42	2
94	43	14
94	44	5
94	45	6
94	46	5
94	47	11
94	48	13
94	49	10
94	50	3
94	51	6
94	52	10
94	53	22
94	54	2
94	55	6
94	56	9
94	57	5
94	58	6
94	59	7
94	60	5
94	61	4
94	62	3
94	63	12
94	64	10
94	65	7
94	66	10
94	67	8
94	68	6
94	69	16
94	70	5
94	71	16
94	72	8
94	73	9
94	74	6
94	75	6
94	76	2
94	77	5
94	78	8
94	79	11
94	80	13
94	82	1
94	83	3
94	84	10
94	85	3
94	86	14
94	87	10
94	88	4
94	89	7
94	90	7
94	91	12
94	92	10
94	93	15
94	95	2
94	96	6
94	97	3
94	98	13
94	99	1
94	100	12
94	101	19
94	102	11
94	103	9
94	104	1
94	105	7
94	106	8
94	107	17
94	108	3
94	109	11
94	110	3
94	111	8
94	112	1
94	113	2
95	0	3
95	1	1
95	3	1
95	4	2
95	5	1
95	8	1
95	11	1
95	13	1
95	14	2
95	15	1
95	18	1
95	19	1
95	20	1
95	22	2
95	23	2
95	26	1
95	27	3
95	31	2
95	32	2
95	37	1
95	39	1
95	40	2
95	43	2
95	44	2
95	46	1
95	47	4
95	48	2
95	49	1
95	50	1
95	53	3
95	55	1
95	56	1
95	58	2
95	64	2
95	65	1
95	66	1
95	68	2
95	69	3
95	70	1
95	71	1
95	72	1
95	73	2
95	76	1
95	77	3
95	78	1
95	79	1
95	85	2
95	87	2
95	89	1
95	91	4
95	92	2
95	93	3
95	94	2
95	98	1
95	100	4
95	102	2
95	103	1
95	105	3
95	107	1
95	108	1
95	111	2
95	112	2
95	113	1
96	0	5
96	1	9
96	2	7
96	3	6
96	4	3
96	5	3
96	6	4
96	7	2
96	8	2
96	9	5
96	11	4
96	12	7
96	13	3
96	14	3
96	15	3
96	16	2
96	18	2
96	19	1
96	20	1
96	21	1
96	23	5
96	24	1
96	25	4
96	26	3
96	27	4
96	28	6
96	29	4
96	30	1
96	31	4
96	32	5
96	33	4
96	35	3
96	36	2
96	37	4
96	38	1
96	39	4
96	40	5
96	41	5
96	42	1
96	43	6
96	44	1
96	45	6
96	46	4
96	47	6
96	48	7
96	49	9
96	50	3
96	51	6
96	52	5
96	53	10
96	54	3
96	55	5
96	56	8
96	57	4
96	58	3
96	59	7
96	60	2
96	61	2
96	62	3
96	63	7
96	64	7
96	65	3
96	66	6
96	67	3
96	68	2
96	69	7
96	70	6
96	71	9
96	72	3
96	73	6
96	74	3
96	75	2
96	77	6
96	78	10
96	79	4
96	80	6
96	82	1
96	83	4
96	84	7
96	85	4
96	86	3
96	87	6
96	88	2
96	89	7
96	90	7
96	91	10
96	92	7
96	93	5
96	94	6
96	97	2
96	98	6
96	99	4
96	100	6
96	101	9
96	102	9
96	103	5
96	105	6
96	106	4
96	107	5
96	108	3
96	109	2
96	111	4
96	112	3
96	113	3
97	0	4
97	1	4
97	2	4
97	3	3
97	4	4
97	5	1
97	6	3
97	7	1
97	8	1
97	9	5
97	11	4
97	12	3
97	13	2
97	14	2
97	15	2
97	17	1
97	18	2
97	19	1
97	20	1
97	21	1
97	23	3
97	24	1
97	25	1
97	26	2
97	27	1
97	28	1
97	29	2
97	31	4
97	32	3
97	33	4
97	35	1
97	36	1
97	37	3
97	38	1
97	39	1
97	40	1
97	41	1
97	42	1
97	43	3
97	44	2
97	45	3
97	46	2
97	47	2
97	48	2
97	49	4
97	50	2
97	51	2
97	52	2
97	53	4
97	55	3
97	56	2
97	57	4
97	58	2
97	59	2
97	60	2
97	61	2
97	62	2
97	63	3
97	64	2
97	65	1
97	66	2
97	67	3
97	69	3
97	70	2
97	71	3
97	72	1
97	73	4
97	74	3
97	75	3
97	77	2
97	78	4
97	79	3
97	80	2
97	82	2
97	83	2
97	84	5
97	85	2
97	86	3
97	87	1
97	89	2
97	90	3
97	91	1
97	92	2
97	93	3
97	94	3
97	96	2
97	98	4
97	99	4
97	100	4
97	101	4
97	102	4
97	103	4
97	104	1
97	105	4
97	107	4
97	108	1
97	109	5
97	111	3
97	112	1
98	0	9
98	1	9
98	2	11
98	3	11
98	4	7
98	5	3
98	6	9
98	7	2
98	8	3
98	9	8
98	10	1
98	11	9
98	12	6
98	13	7
98	14	5
98	15	6
98	16	3
98	18	4
98	19	1
98	20	3
98	22	2
98	23	8
98	24	1
98	25	6
98	26	4
98	27	10
98	28	8
98	29	3
98	30	1
98	31	6
98	32	7
98	33	11
98	35	4
98	36	1
98	37	5
98	38	2
98	39	5
98	40	9
98	41	8
98	43	10
98	44	3
98	45	9
98	46	6
98	47	9
98	48	10
98	49	11
98	50	6
98	51	9
98	52	8
98	53	20
98	54	3
98	55	5
98	56	13
98	57	10
98	58	4
98	59	6
98	60	3
98	61	2
98	62	5
98	63	10
98	64	7
98	65	10
98	66	6
98	67	6
98	68	5
98	69	16
98	70	8
98	71	13
98	72	9
98	73	12
98	74	4
98	75	5
98	76	3
98	77	5
98	78	10
98	79	9
98	80	12
98	82	1
98	83	3
98	84	8
98	85	1
98	86	13
98	87	9
98	88	5
98	89	8
98	90	6
98	91	13
98	92	9
98	93	11
98	94	13
98	95	1
98	96	6
98	97	4
98	99	3
98	100	12
98	101	12
98	102	16
98	103	10
98	104	1
98	105	10
98	106	5
98	107	16
98	108	5
98	109	7
98	110	1
98	111	8
98	112	5
98	113	6
99	0	2
99	1	4
99	2	3
99	3	4
99	4	1
99	5	2
99	6	1
99	7	2
99	8	1
99	9	4
99	11	3
99	12	5
99	13	2
99	14	1
99	15	3
99	16	1
99	18	1
99	19	1
99	20	1
99	21	1
99	23	3
99	24	1
99	25	2
99	26	2
99	27	3
99	28	4
99	29	1
99	31	1
99	32	2
99	33	4
99	35	2
99	36	2
99	37	3
99	39	2
99	40	3
99	41	2
99	42	1
99	43	3
99	44	1
99	45	5
99	46	3
99	47	3
99	48	4
99	49	4
99	50	3
99	51	2
99	52	3
99	53	5
99	54	2
99	55	3
99	56	4
99	57	3
99	58	1
99	59	3
99	60	1
99	61	2
99	62	1
99	63	5
99	64	3
99	65	1
99	66	3
99	67	2
99	69	6
99	70	4
99	71	3
99	72	2
99	73	4
99	74	3
99	75	1
99	77	2
99	78	5
99	79	3
99	80	4
99	82	1
99	83	2
99	84	2
99	85	3
99	86	4
99	87	2
99	88	2
99	89	2
99	90	3
99	91	3
99	92	3
99	93	4
99	94	1
99	96	4
99	97	4
99	98	3
99	100	4
99	101	6
99	102	3
99	103	4
99	105	5
99	106	2
99	107	4
99	109	3
99	111	3
99	112	2
99	113	2
100	0	9
100	1	10
100	2	8
100	3	9
100	4	9
100	5	2
100	6	9
100	7	1
100	8	6
100	9	9
100	11	11
100	12	10
100	13	7
100	14	6
100	15	6
100	16	3
100	17	1
100	18	3
100	19	2
100	20	2
100	21	2
100	22	2
100	23	9
100	24	1
100	25	8
100	26	7
100	27	10
100	28	8
100	29	3
100	30	1
100	31	7
100	32	9
100	33	9
100	35	5
100	36	1
100	37	7
100	38	2
100	39	7
100	40	8
100	41	7
100	42	2
100	43	11
100	44	7
100	45	9
100	46	6
100	47	16
100	48	15
100	49	11
100	50	6
100	51	7
100	52	9
100	53	19
100	54	2
100	55	10
100	56	11
100	57	11
100	58	6
100	59	7
100	60	5
100	61	3
100	62	5
100	63	15
100	64	9
100	65	9
100	66	8
100	67	7
100	68	7
100	69	18
100	70	9
100	71	16
100	72	9
100	73	12
100	74	4
100	75	6
100	76	2
100	77	9
100	78	10
100	79	10
100	80	10
100	82	2
100	83	4
100	84	8
100	85	4
100	86	10
100	87	11
100	88	3
100	89	8
100	90	8
100	91	13
100	92	11
100	93	13
100	94	12
100	95	4
100	96	6
100	97	4
100	98	12
100	99	4
100	101	14
100	102	11
100	103	14
100	104	1
100	105	12
100	106	6
100	107	17
100	108	6
100	109	11
100	111	9
100	112	4
100	113	5
101	0	8
101	1	13
101	2	9
101	3	10
101	4	10
101	5	6
101	6	10
101	7	2
101	8	2
101	9	9
101	10	1
101	11	11
101	12	13
101	13	7
101	14	5
101	15	5
101	16	6
101	18	4
101	19	2
101	20	1
101	21	1
101	23	7
101	24	2
101	25	10
101	26	6
101	27	10
101	28	9
101	29	4
101	30	4
101	31	12
101	32	9
101	33	9
101	34	1
101	35	5
101	36	2
101	37	7
101	38	4
101	39	8
101	40	12
101	41	10
101	42	1
101	43	15
101	44	5
101	45	9
101	46	7
101	47	13
101	48	12
101	49	12
101	50	6
101	51	6
101	52	9
101	53	24
101	54	6
101	55	9
101	56	12
101	57	7
101	58	5
101	59	5
101	60	3
101	61	5
101	62	6
101	63	15
101	64	10
101	65	12
101	66	11
101	67	9
101	68	4
101	69	22
101	70	12
101	71	21
101	72	8
101	73	13
101	74	6
101	75	9
101	76	2
101	77	8
101	78	12
101	79	14
101	80	14
101	81	1
101	82	1
101	83	4
101	84	7
101	85	4
101	86	17
101	87	10
101	88	5
101	89	7
101	90	8
101	91	17
101	92	13
101	93	12
101	94	19
101	96	9
101	97	4
101	98	12
101	99	6
101	100	14
101	102	16
101	103	12
101	104	2
101	105	11
101	106	9
101	107	19
101	108	4
101	109	13
101	110	3
101	111	11
101	112	6
101	113	6
102	0	10
102	1	11
102	2	13
102	3	9
102	4	9
102	5	7
102	6	10
102	7	3
102	8	5
102	9	12
102	11	7
102	12	8
102	13	7
102	14	8
102	15	4
102	16	3
102	17	2
102	18	4
102	19	3
102	20	2
102	21	1
102	22	3
102	23	9
102	24	2
102	25	6
102	26	7
102	27	12
102	28	9
102	29	2
102	30	1
102	31	9
102	32	11
102	33	8
102	35	6
102	36	1
102	37	6
102	38	3
102	39	8
102	40	9
102	41	8
102	42	3
102	43	12
102	44	4
102	45	7
102	46	8
102	47	12
102	48	12
102	49	13
102	50	6
102	51	8
102	52	11
102	53	19
102	54	3
102	55	8
102	56	13
102	57	13
102	58	4
102	59	9
102	60	4
102	61	3
102	62	6
102	63	10
102	64	11
102	65	9
102	66	8
102	67	7
102	68	6
102	69	20
102	70	9
102	71	15
102	72	8
102	73	12
102	74	4
102	75	5
102	76	3
102	77	12
102	78	15
102	79	13
102	80	11
102	82	1
102	83	3
102	84	9
102	85	6
102	86	9
102	87	12
102	88	6
102	89	10
102	90	7
102	91	20
102	92	12
102	93	17
102	94	11
102	95	2
102	96	9
102	97	4
102	98	16
102	99	3
102	100	11
102	101	16
102	103	11
102	104	1
102	105	12
102	106	6
102	107	15
102	108	6
102	109	11
102	110	1
102	111	8
102	112	7
102	113	5
103	0	7
103	1	5
103	2	9
103	3	8
103	4	6
103	5	1
103	6	6
103	7	1
103	8	4
103	9	6
103	11	7
103	12	7
103	13	5
103	14	2
103	15	4
103	16	2
103	17	1
103	18	2
103	19	2
103	20	1
103	21	2
103	23	7
103	24	1
103	25	7
103	26	6
103	27	6
103	28	6
103	29	3
103	30	1
103	31	6
103	32	8
103	33	8
103	35	4
103	36	1
103	37	6
103	38	2
103	39	4
103	40	6
103	41	7
103	42	1
103	43	7
103	44	6
103	45	6
103	46	4
103	47	9
103	48	8
103	49	10
103	50	5
103	51	6
103	52	5
103	53	12
103	54	1
103	55	6
103	56	6
103	57	5
103	58	5
103	59	3
103	60	4
103	61	1
103	62	5
103	63	9
103	64	7
103	65	6
103	66	7
103	67	5
103	68	4
103	69	13
103	70	6
103	71	11
103	72	7
103	73	9
103	74	4
103	75	3
103	76	1
103	77	3
103	78	7
103	79	9
103	80	8
103	82	2
103	83	3
103	84	6
103	85	4
103	86	7
103	87	6
103	88	2
103	89	6
103	90	7
103	91	8
103	92	8
103	93	8
103	94	9
103	95	1
103	96	5
103	97	4
103	98	10
103	99	4
103	100	14
103	101	12
103	102	11
103	104	1
103	105	9
103	106	5
103	107	12
103	108	4
103	109	10
103	111	6
103	112	1
103	113	3
104	1	1
104	2	1
104	3	5
104	4	1
104	6	3
104	7	1
104	8	1
104	9	1
104	10	1
104	12	1
104	16	1
104	17	1
104	18	1
104	19	2
104	20	1
104	22	1
104	25	1
104	26	2
104	27	1
104	28	1
104	29	2
104	31	3
104	32	1
104	33	3
104	37	1
104	38	3
104	40	1
104	41	1
104	43	3
104	44	2
104	45	1
104	47	1
104	48	1
104	49	2
104	50	1
104	53	4
104	54	1
104	55	2
104	57	2
104	58	1
104	59	2
104	60	1
104	62	2
104	66	1
104	67	1
104	69	5
104	70	1
104	71	4
104	73	2
104	74	3
104	75	1
104	77	1
104	78	2
104	79	1
104	80	1
104	82	1
104	84	1
104	85	2
104	86	4
104	87	1
104	88	1
104	90	1
104	91	2
104	92	2
104	93	3
104	94	1
104	97	1
104	98	1
104	100	1
104	101	2
104	102	1
104	103	1
104	107	4
104	108	2
104	109	2
104	113	1
105	0	8
105	1	10
105	2	6
105	3	8
105	4	8
105	5	2
105	6	6
105	7	1
105	8	4
105	9	10
105	11	8
105	12	7
105	13	6
105	14	5
105	15	4
105	16	2
105	18	3
105	19	1
105	20	2
105	21	1
105	22	3
105	23	6
105	24	2
105	25	3
105	26	6
105	27	6
105	28	5
105	29	2
105	31	5
105	32	10
105	33	7
105	35	2
105	36	1
105	37	6
105	38	1
105	39	4
105	40	5
105	41	6
105	42	1
105	43	9
105	44	5
105	45	5
105	46	8
105	47	9
105	48	8
105	49	7
105	50	4
105	51	5
105	52	8
105	53	12
105	54	2
105	55	6
105	56	5
105	57	7
105	58	3
105	59	6
105	60	4
105	61	2
105	62	2
105	63	8
105	64	6
105	65	7
105	66	7
105	67	3
105	68	6
105	69	14
105	70	6
105	71	10
105	72	5
105	73	9
105	74	3
105	75	3
105	76	2
105	77	9
105	78	8
105	79	10
105	80	7
105	82	1
105	83	3
105	84	6
105	85	3
105	86	8
105	87	9
105	88	3
105	89	10
105	90	5
105	91	13
105	92	9
105	93	12
105	94	7
105	95	3
105	96	6
105	97	4
105	98	10
105	99	5
105	100	12
105	101	11
105	102	12
105	103	9
105	106	3
105	107	10
105	108	3
105	109	4
105	110	1
105	111	7
105	112	5
105	113	5
106	0	4
106	1	3
106	2	4
106	3	4
106	4	3
106	5	1
106	6	3
106	7	4
106	8	2
106	9	5
106	10	2
106	11	4
106	12	7
106	13	2
106	14	2
106	15	1
106	16	3
106	18	2
106	19	1
106	23	5
106	25	4
106	26	3
106	27	7
106	28	7
106	29	1
106	30	1
106	31	4
106	32	2
106	33	4
106	34	1
106	35	3
106	36	1
106	37	2
106	38	1
106	39	4
106	40	7
106	41	7
106	43	7
106	44	1
106	45	5
106	46	3
106	47	7
106	48	4
106	49	7
106	50	4
106	51	3
106	52	5
106	53	7
106	54	2
106	55	5
106	56	5
106	57	2
106	58	3
106	59	3
106	60	2
106	61	2
106	62	2
106	63	8
106	64	5
106	65	5
106	66	4
106	67	7
106	68	4
106	69	10
106	70	5
106	71	12
106	72	4
106	73	8
106	74	1
106	75	3
106	76	2
106	77	4
106	78	7
106	79	9
106	80	10
106	81	1
106	83	1
106	84	2
106	85	2
106	86	7
106	87	6
106	88	6
106	89	4
106	90	5
106	91	8
106	92	7
106	93	6
106	94	8
106	96	4
106	98	5
106	99	2
106	100	6
106	101	9
106	102	6
106	103	5
106	105	3
106	107	10
106	108	4
106	109	5
106	110	1
106	111	4
106	113	3
107	0	9
107	1	8
107	2	11
107	3	11
107	4	8
107	5	3
107	6	12
107	7	3
107	8	4
107	9	10
107	10	1
107	11	8
107	12	9
107	13	6
107	14	5
107	15	4
107	16	4
107	17	1
107	18	6
107	19	2
107	21	2
107	22	3
107	23	9
107	24	2
107	25	8
107	26	7
107	27	13
107	28	10
107	29	3
107	30	1
107	31	11
107	32	7
107	33	17
107	35	6
107	37	3
107	38	3
107	39	7
107	40	10
107	41	10
107	42	1
107	43	13
107	44	4
107	45	12
107	46	6
107	47	12
107	48	12
107	49	15
107	50	8
107	51	9
107	52	9
107	53	22
107	54	3
107	55	10
107	56	9
107	57	9
107	58	4
107	59	5
107	60	4
107	61	3
107	62	5
107	63	14
107	64	7
107	65	10
107	66	6
107	67	9
107	68	5
107	69	21
107	70	8
107	71	19
107	72	10
107	73	13
107	74	7
107	75	5
107	76	2
107	77	5
107	78	12
107	79	16
107	80	18
107	82	1
107	83	2
107	84	7
107	85	4
107	86	18
107	87	10
107	88	4
107	89	6
107	90	7
107	91	11
107	92	7
107	93	14
107	94	17
107	95	1
107	96	5
107	97	4
107	98	16
107	99	4
107	100	17
107	101	19
107	102	15
107	103	12
107	104	4
107	105	10
107	106	10
107	108	6
107	109	13
107	110	1
107	111	8
107	112	2
107	113	5
108	0	5
108	1	4
108	2	4
108	3	5
108	4	4
108	6	6
108	7	2
108	8	3
108	9	4
108	10	2
108	11	4
108	12	5
108	13	1
108	14	3
108	16	2
108	17	1
108	18	1
108	19	1
108	23	2
108	25	3
108	26	1
108	27	3
108	28	8
108	29	2
108	31	3
108	32	5
108	33	2
108	35	5
108	37	2
108	38	2
108	39	1
108	40	3
108	41	4
108	43	6
108	44	2
108	45	3
108	46	2
108	47	3
108	48	2
108	49	5
108	50	3
108	51	3
108	52	3
108	53	7
108	54	1
108	55	3
108	56	3
108	57	2
108	58	2
108	59	3
108	60	2
108	61	1
108	62	4
108	63	5
108	64	3
108	65	4
108	66	2
108	67	3
108	68	2
108	69	7
108	70	2
108	71	7
108	72	4
108	73	9
108	74	5
108	75	4
108	76	1
108	77	2
108	78	5
108	79	5
108	80	5
108	82	1
108	83	1
108	84	5
108	85	1
108	86	4
108	87	4
108	88	2
108	89	3
108	90	4
108	91	5
108	92	4
108	93	5
108	94	3
108	95	1
108	96	3
108	97	1
108	98	5
108	100	6
108	101	4
108	102	6
108	103	4
108	104	2
108	105	3
108	106	4
108	107	6
108	109	8
108	110	1
108	111	3
108	112	1
108	113	1
109	0	5
109	1	5
109	2	7
109	3	9
109	4	6
109	5	2
109	6	7
109	7	4
109	8	4
109	9	6
109	10	3
109	11	10
109	12	9
109	13	4
109	14	4
109	15	3
109	16	2
109	17	1
109	18	1
109	19	1
109	20	1
109	21	2
109	22	2
109	23	4
109	24	2
109	25	6
109	26	5
109	27	7
109	28	9
109	29	1
109	30	1
109	31	7
109	32	4
109	33	6
109	35	5
109	37	3
109	38	5
109	39	4
109	40	7
109	41	5
109	42	3
109	43	12
109	44	2
109	45	6
109	46	3
109	47	8
109	48	10
109	49	7
109	50	6
109	51	4
109	52	5
109	53	15
109	54	1
109	55	6
109	56	4
109	57	9
109	58	2
109	59	4
109	60	5
109	61	4
109	62	4
109	63	9
109	64	3
109	65	9
109	66	6
109	67	4
109	69	14
109	70	5
109	71	12
109	72	3
109	73	10
109	74	8
109	75	7
109	76	1
109	77	7
109	78	7
109	79	10
109	80	11
109	82	1
109	83	2
109	84	6
109	85	4
109	86	11
109	87	8
109	88	4
109	89	3
109	90	7
109	91	6
109	92	5
109	93	14
109	94	11
109	96	2
109	97	5
109	98	7
109	99	3
109	100	11
109	101	13
109	102	11
109	103	10
109	104	2
109	105	4
109	106	5
109	107	13
109	108	8
109	110	2
109	111	7
109	113	3
110	0	1
110	1	1
110	3	1
110	4	3
110	5	2
110	6	3
110	7	1
110	8	2
110	9	1
110	11	1
110	12	1
110	14	2
110	15	1
110	16	1
110	24	2
110	25	1
110	26	1
110	27	1
110	28	1
110	31	1
110	32	1
110	33	1
110	37	2
110	38	1
110	39	1
110	41	1
110	43	3
110	44	1
110	45	1
110	46	2
110	47	2
110	48	1
110	49	1
110	51	1
110	52	1
110	53	4
110	54	1
110	59	1
110	60	1
110	61	1
110	62	1
110	63	2
110	64	1
110	65	1
110	66	2
110	67	1
110	69	3
110	71	3
110	72	3
110	73	3
110	75	2
110	77	1
110	79	2
110	80	1
110	86	2
110	87	2
110	88	1
110	90	1
110	91	1
110	92	2
110	93	2
110	94	3
110	98	1
110	101	3
110	102	1
110	105	1
110	106	1
110	107	1
110	108	1
110	109	2
110	111	3
110	113	1
111	0	6
111	1	6
111	2	4
111	3	6
111	4	5
111	5	2
111	6	3
111	7	4
111	8	4
111	9	4
111	11	8
111	12	4
111	13	4
111	14	4
111	15	7
111	16	2
111	18	3
111	19	1
111	20	2
111	21	1
111	22	1
111	23	6
111	24	2
111	25	3
111	26	6
111	27	6
111	28	7
111	29	2
111	30	2
111	31	8
111	32	4
111	33	6
111	35	5
111	36	1
111	37	4
111	38	2
111	39	6
111	40	4
111	41	5
111	42	1
111	43	8
111	44	3
111	45	9
111	46	6
111	47	8
111	48	7
111	49	6
111	50	1
111	51	4
111	52	6
111	53	11
111	55	6
111	56	7
111	57	3
111	58	4
111	59	3
111	60	2
111	61	5
111	62	2
111	63	10
111	64	6
111	65	8
111	66	6
111	67	3
111	68	4
111	69	11
111	70	6
111	71	10
111	72	7
111	73	7
111	74	6
111	75	6
111	76	2
111	77	5
111	78	6
111	79	9
111	80	8
111	82	1
111	83	3
111	84	6
111	85	3
111	86	11
111	87	8
111	88	3
111	89	3
111	90	5
111	91	8
111	92	10
111	93	8
111	94	8
111	95	2
111	96	4
111	97	3
111	98	8
111	99	3
111	100	9
111	101	11
111	102	8
111	103	6
111	105	7
111	106	4
111	107	8
111	108	3
111	109	7
111	110	3
111	112	2
111	113	1
112	0	3
112	1	5
112	2	3
112	3	2
112	4	3
112	5	4
112	7	1
112	8	1
112	9	3
112	11	2
112	12	4
112	13	3
112	14	2
112	15	2
112	18	1
112	20	2
112	21	1
112	22	1
112	23	2
112	25	1
112	26	1
112	28	1
112	29	1
112	31	1
112	32	3
112	33	3
112	36	1
112	37	2
112	39	1
112	42	1
112	43	5
112	44	2
112	45	2
112	46	3
112	47	3
112	48	3
112	49	2
112	51	5
112	52	2
112	53	4
112	54	1
112	55	3
112	56	4
112	57	4
112	58	4
112	59	1
112	60	1
112	61	1
112	62	2
112	63	2
112	64	2
112	65	3
112	66	1
112	67	4
112	68	1
112	69	7
112	70	3
112	71	2
112	72	2
112	73	5
112	74	1
112	76	1
112	77	7
112	78	6
112	79	1
112	80	1
112	82	1
112	83	1
112	84	2
112	85	1
112	86	3
112	87	5
112	89	2
112	90	2
112	91	7
112	92	3
112	93	5
112	94	1
112	95	2
112	96	3
112	97	1
112	98	5
112	99	2
112	100	4
112	101	6
112	102	7
112	103	1
112	105	5
112	107	2
112	108	1
112	111	2
112	113	5
113	0	2
113	1	6
113	2	1
113	3	1
113	4	3
113	5	3
113	6	1
113	7	3
113	8	2
113	9	4
113	10	1
113	11	3
113	12	3
113	13	2
113	14	1
113	15	2
113	16	3
113	18	1
113	19	1
113	20	1
113	21	1
113	22	2
113	23	1
113	25	4
113	26	4
113	27	4
113	28	3
113	29	1
113	31	3
113	32	1
113	33	4
113	35	1
113	36	1
113	37	1
113	39	2
113	40	5
113	41	4
113	42	1
113	43	6
113	44	3
113	45	1
113	46	2
113	47	4
113	48	5
113	49	3
113	50	2
113	51	3
113	52	1
113	53	6
113	54	2
113	55	3
113	56	3
113	57	5
113	58	2
113	59	2
113	60	2
113	61	2
113	63	2
113	64	1
113	65	6
113	66	6
113	67	3
113	68	3
113	69	7
113	70	2
113	71	10
113	72	3
113	73	7
113	74	2
113	76	2
113	77	4
113	78	6
113	79	3
113	80	3
113	84	1
113	85	3
113	86	8
113	87	4
113	88	4
113	89	5
113	90	3
113	91	8
113	92	4
113	93	7
113	94	2
113	95	1
113	96	3
113	98	6
113	99	2
113	100	5
113	101	6
113	102	5
113	103	3
113	104	1
113	105	5
113	106	3
113	107	5
113	108	1
113	109	3
113	110	1
113	111	1
113	112	5
