0	1	2
0	2	3
0	3	7
0	4	7
0	5	4
0	6	11
0	7	3
0	8	3
0	9	5
0	10	4
0	11	7
0	13	4
0	14	7
0	15	7
0	16	4
0	17	6
0	19	6
0	20	8
0	21	3
0	22	6
0	23	7
0	24	5
0	25	8
0	26	8
0	27	8
0	28	5
0	29	4
0	30	15
0	31	7
0	32	3
0	33	6
0	34	11
0	35	7
0	36	2
0	37	4
0	38	7
0	39	5
0	40	16
0	41	5
0	42	10
0	43	6
0	44	7
0	45	3
0	46	2
0	47	5
0	48	12
0	49	2
0	50	9
0	51	9
0	52	10
0	53	13
0	54	3
0	55	8
0	56	11
0	57	6
0	58	3
0	59	6
0	60	6
0	61	2
0	62	11
0	63	9
0	64	6
0	65	7
0	66	3
0	67	10
0	68	3
0	69	9
0	70	6
0	71	8
0	72	2
0	73	7
0	74	5
0	75	10
0	76	9
0	77	3
1	0	2
1	3	3
1	4	1
1	5	1
1	6	2
1	9	1
1	10	1
1	11	3
1	13	1
1	14	1
1	15	1
1	16	1
1	19	1
1	20	1
1	22	2
1	23	1
1	24	1
1	25	4
1	26	3
1	29	3
1	30	4
1	31	3
1	32	1
1	33	3
1	34	1
1	35	2
1	37	1
1	39	2
1	40	3
1	41	2
1	42	2
1	43	2
1	44	2
1	45	2
1	48	1
1	50	2
1	51	2
1	52	2
1	53	1
1	54	2
1	55	4
1	56	3
1	57	1
1	59	3
1	60	1
1	63	1
1	67	1
1	68	1
1	69	2
1	70	3
1	72	1
1	73	1
1	74	1
1	75	3
1	76	2
1	77	3
2	0	3
2	3	2
2	4	2
2	5	2
2	6	5
2	7	1
2	8	2
2	9	1
2	10	1
2	11	1
2	12	2
2	14	3
2	15	2
2	17	2
2	18	1
2	20	1
2	21	1
2	22	3
2	23	3
2	24	2
2	25	2
2	26	2
2	27	1
2	28	1
2	29	3
2	30	5
2	31	3
2	32	1
2	33	1
2	34	3
2	35	1
2	37	1
2	38	2
2	39	1
2	40	4
2	41	3
2	42	6
2	44	4
2	45	3
2	46	1
2	47	1
2	48	2
2	49	2
2	50	3
2	51	2
2	52	3
2	53	4
2	55	2
2	56	2
2	57	1
2	58	1
2	59	2
2	60	2
2	61	1
2	62	2
2	63	2
2	64	2
2	65	2
2	67	5
2	68	2
2	69	1
2	70	2
2	71	2
2	73	3
2	75	2
2	76	3
2	77	1
3	0	7
3	1	3
3	2	2
3	4	6
3	5	3
3	6	8
3	7	2
3	8	3
3	9	1
3	10	1
3	11	3
3	13	3
3	14	6
3	15	4
3	16	2
3	17	2
3	19	5
3	20	7
3	21	4
3	22	6
3	23	6
3	24	4
3	25	8
3	26	10
3	27	6
3	28	4
3	29	9
3	30	11
3	31	6
3	32	3
3	33	5
3	34	8
3	35	7
3	36	1
3	37	4
3	38	3
3	39	6
3	40	12
3	41	6
3	42	6
3	43	4
3	44	6
3	45	4
3	47	3
3	48	9
3	49	2
3	50	10
3	51	5
3	52	10
3	53	10
3	54	4
3	55	11
3	56	7
3	57	7
3	58	2
3	59	6
3	60	6
3	61	3
3	62	9
3	63	9
3	64	6
3	65	7
3	66	1
3	67	9
3	68	2
3	69	7
3	70	3
3	71	3
3	72	1
3	73	6
3	74	4
3	75	11
3	76	5
3	77	4
4	0	7
4	1	1
4	2	2
4	3	6
4	5	3
4	6	10
4	7	1
4	8	3
4	9	3
4	10	1
4	11	5
4	13	1
4	14	3
4	15	4
4	16	1
4	17	2
4	19	4
4	20	6
4	21	6
4	22	7
4	23	5
4	24	4
4	25	8
4	26	8
4	27	5
4	28	3
4	29	6
4	30	11
4	31	8
4	32	1
4	33	3
4	34	10
4	35	11
4	36	2
4	37	5
4	38	5
4	39	7
4	40	12
4	41	7
4	42	7
4	43	4
4	44	6
4	45	4
4	46	1
4	47	6
4	48	6
4	49	2
4	50	7
4	51	5
4	52	13
4	53	7
4	54	4
4	55	5
4	56	7
4	57	4
4	58	2
4	59	13
4	60	4
4	61	2
4	62	9
4	63	9
4	64	4
4	65	7
4	66	2
4	67	6
4	68	4
4	69	7
4	70	6
4	71	5
4	73	5
4	74	5
4	75	10
4	76	3
4	77	2
5	0	4
5	1	1
5	2	2
5	3	3
5	4	3
5	6	6
5	7	1
5	8	1
5	11	3
5	12	1
5	13	1
5	14	3
5	15	2
5	16	1
5	17	1
5	18	1
5	19	2
5	20	1
5	21	1
5	22	1
5	23	2
5	25	3
5	26	4
5	27	3
5	29	4
5	30	5
5	31	3
5	33	1
5	34	3
5	35	3
5	36	1
5	37	1
5	38	1
5	39	2
5	40	6
5	41	2
5	42	4
5	43	1
5	44	6
5	45	3
5	47	2
5	48	3
5	49	1
5	50	2
5	51	1
5	52	4
5	53	3
5	54	1
5	55	4
5	56	2
5	57	2
5	58	1
5	59	4
5	60	3
5	62	2
5	63	5
5	64	2
5	65	2
5	66	1
5	67	2
5	68	1
5	69	3
5	70	2
5	71	1
5	72	1
5	73	3
5	74	2
5	75	3
5	76	3
5	77	2
6	0	11
6	1	2
6	2	5
6	3	8
6	4	10
6	5	6
6	7	2
6	8	3
6	9	1
6	10	3
6	11	7
6	12	2
6	13	3
6	14	8
6	15	4
6	16	3
6	17	3
6	18	1
6	19	5
6	20	8
6	21	6
6	22	8
6	23	7
6	24	6
6	25	6
6	26	8
6	27	5
6	28	3
6	29	10
6	30	17
6	31	10
6	32	2
6	33	6
6	34	9
6	35	7
6	36	3
6	37	6
6	38	4
6	39	5
6	40	16
6	41	6
6	42	12
6	43	4
6	44	11
6	45	7
6	46	1
6	47	7
6	48	9
6	49	4
6	50	7
6	51	9
6	52	13
6	53	10
6	54	4
6	55	8
6	56	8
6	57	9
6	58	2
6	59	10
6	60	6
6	61	3
6	62	7
6	63	11
6	64	3
6	65	9
6	66	5
6	67	9
6	68	8
6	69	9
6	70	6
6	71	7
6	72	2
6	73	8
6	74	10
6	75	11
6	76	8
6	77	4
7	0	3
7	2	1
7	3	2
7	4	1
7	5	1
7	6	2
7	8	3
7	9	1
7	10	1
7	11	2
7	12	1
7	14	2
7	15	3
7	17	3
7	18	1
7	19	1
7	20	2
7	22	1
7	25	1
7	26	1
7	27	1
7	28	1
7	29	2
7	30	5
7	33	1
7	34	4
7	35	1
7	37	1
7	38	1
7	39	1
7	40	4
7	41	2
7	42	2
7	43	1
7	44	3
7	45	1
7	47	2
7	48	4
7	49	2
7	50	1
7	51	2
7	52	3
7	53	5
7	54	1
7	55	1
7	56	2
7	58	1
7	59	2
7	60	2
7	62	3
7	63	2
7	64	2
7	65	1
7	67	5
7	68	1
7	70	1
7	71	3
7	72	1
7	73	4
7	75	2
7	76	4
7	77	1
8	0	3
8	2	2
8	3	3
8	4	3
8	5	1
8	6	3
8	7	3
8	11	1
8	12	1
8	13	1
8	14	2
8	15	1
8	17	4
8	18	1
8	19	2
8	21	4
8	22	2
8	23	1
8	24	1
8	25	2
8	26	2
8	27	3
8	28	2
8	29	1
8	30	5
8	31	2
8	32	1
8	33	1
8	34	6
8	35	3
8	37	1
8	38	1
8	39	2
8	40	5
8	41	3
8	42	3
8	43	1
8	44	2
8	45	2
8	47	2
8	48	3
8	49	2
8	50	2
8	51	3
8	52	2
8	53	4
8	55	1
8	56	3
8	57	2
8	58	2
8	59	3
8	60	2
8	61	1
8	62	3
8	63	3
8	64	2
8	65	2
8	67	4
8	68	1
8	69	2
8	70	3
8	71	2
8	73	4
8	74	1
8	75	1
8	76	2
8	77	2
9	0	5
9	1	1
9	2	1
9	3	1
9	4	3
9	6	1
9	7	1
9	10	2
9	11	3
9	14	1
9	15	3
9	16	2
9	19	1
9	20	4
9	22	2
9	23	3
9	24	2
9	25	2
9	26	2
9	28	2
9	29	2
9	30	5
9	31	2
9	32	1
9	33	2
9	34	4
9	35	2
9	37	2
9	38	2
9	40	6
9	41	2
9	42	5
9	43	1
9	44	2
9	45	1
9	46	1
9	47	2
9	48	2
9	50	3
9	51	2
9	52	2
9	53	3
9	54	1
9	55	2
9	56	4
9	57	1
9	58	2
9	59	1
9	60	1
9	61	1
9	62	3
9	63	3
9	64	2
9	65	2
9	66	1
9	67	4
9	69	2
9	70	1
9	71	3
9	73	3
9	74	1
9	75	3
9	76	3
9	77	1
10	0	4
10	1	1
10	2	1
10	3	1
10	4	1
10	6	3
10	7	1
10	9	2
10	11	3
10	12	1
10	13	1
10	14	2
10	15	2
10	16	1
10	17	2
10	19	2
10	20	1
10	22	4
10	23	2
10	24	3
10	26	1
10	28	1
10	29	2
10	30	5
10	31	1
10	32	1
10	33	3
10	34	2
10	35	1
10	37	2
10	38	2
10	39	1
10	40	5
10	42	4
10	44	2
10	45	3
10	47	2
10	48	1
10	50	2
10	51	1
10	52	2
10	53	2
10	54	1
10	55	3
10	56	2
10	57	2
10	58	1
10	59	1
10	61	1
10	62	2
10	63	2
10	64	1
10	65	3
10	66	1
10	67	4
10	69	3
10	70	2
10	71	3
10	72	1
10	73	3
10	74	1
10	75	3
10	76	3
10	77	1
11	0	7
11	1	3
11	2	1
11	3	3
11	4	5
11	5	3
11	6	7
11	7	2
11	8	1
11	9	3
11	10	3
11	13	1
11	14	3
11	15	4
11	16	2
11	17	1
11	19	3
11	20	6
11	21	1
11	22	4
11	23	4
11	24	3
11	25	4
11	26	3
11	27	2
11	28	2
11	29	4
11	30	9
11	31	8
11	32	2
11	33	6
11	34	6
11	35	6
11	37	2
11	38	1
11	39	4
11	40	11
11	41	3
11	42	5
11	43	2
11	44	5
11	45	2
11	46	1
11	47	3
11	48	2
11	49	2
11	50	4
11	51	1
11	52	7
11	53	8
11	54	3
11	55	4
11	56	9
11	57	4
11	58	1
11	59	5
11	60	1
11	62	6
11	63	5
11	64	2
11	65	3
11	66	2
11	67	5
11	68	3
11	69	4
11	70	4
11	71	3
11	72	3
11	73	5
11	74	5
11	75	7
11	76	9
11	77	3
12	2	2
12	5	1
12	6	2
12	7	1
12	8	1
12	10	1
12	14	1
12	17	1
12	18	1
12	22	1
12	24	1
12	29	1
12	30	2
12	34	1
12	37	1
12	40	1
12	41	1
12	42	2
12	44	2
12	45	1
12	48	2
12	49	1
12	50	1
12	53	1
12	55	1
12	59	1
12	60	1
12	63	1
12	64	1
12	65	1
12	67	2
12	68	1
12	70	1
12	71	1
12	73	2
12	76	1
12	77	1
13	0	4
13	1	1
13	3	3
13	4	1
13	5	1
13	6	3
13	8	1
13	10	1
13	11	1
13	14	2
13	15	2
13	16	2
13	17	1
13	19	3
13	20	2
13	21	1
13	22	2
13	23	1
13	24	2
13	25	2
13	26	3
13	27	1
13	28	1
13	29	1
13	30	3
13	31	2
13	32	1
13	33	1
13	34	2
13	35	1
13	37	1
13	39	2
13	40	4
13	41	2
13	42	5
13	43	2
13	44	1
13	48	4
13	50	3
13	51	2
13	52	3
13	53	3
13	54	1
13	55	3
13	56	2
13	57	2
13	59	1
13	60	1
13	61	1
13	62	2
13	63	1
13	64	1
13	65	1
13	66	1
13	67	1
13	68	2
13	69	3
13	70	2
13	71	1
13	72	1
13	74	2
13	75	2
13	76	1
13	77	2
14	0	7
14	1	1
14	2	3
14	3	6
14	4	3
14	5	3
14	6	8
14	7	2
14	8	2
14	9	1
14	10	2
14	11	3
14	12	1
14	13	2
14	15	4
14	16	1
14	17	3
14	19	6
14	20	4
14	21	2
14	22	4
14	23	2
14	24	2
14	25	5
14	26	5
14	27	3
14	28	2
14	29	4
14	30	11
14	31	4
14	32	2
14	33	3
14	34	4
14	35	4
14	37	4
14	38	2
14	39	4
14	40	9
14	41	4
14	42	7
14	43	5
14	44	4
14	45	2
14	47	3
14	48	8
14	49	3
14	50	7
14	51	4
14	52	9
14	53	7
14	54	2
14	55	7
14	56	4
14	57	4
14	58	1
14	59	2
14	60	3
14	61	1
14	62	4
14	63	5
14	64	2
14	65	6
14	66	1
14	67	6
14	69	3
14	70	2
14	71	4
14	72	1
14	73	6
14	74	2
14	75	5
14	76	5
14	77	2
15	0	7
15	1	1
15	2	2
15	3	4
15	4	4
15	5	2
15	6	4
15	7	3
15	8	1
15	9	3
15	10	2
15	11	4
15	13	2
15	14	4
15	16	3
15	17	2
15	18	1
15	19	5
15	20	5
15	21	1
15	22	4
15	23	4
15	24	3
15	25	3
15	26	6
15	27	2
15	28	3
15	29	5
15	30	6
15	31	4
15	32	1
15	33	4
15	34	5
15	35	3
15	37	3
15	38	3
15	39	2
15	40	12
15	41	6
15	42	7
15	43	3
15	44	5
15	45	1
15	46	1
15	47	4
15	48	3
15	49	2
15	50	6
15	51	4
15	52	9
15	53	8
15	54	5
15	55	5
15	56	4
15	57	2
15	59	3
15	60	2
15	61	1
15	62	4
15	63	4
15	64	3
15	65	4
15	66	1
15	67	6
15	68	1
15	69	3
15	70	2
15	71	4
15	72	3
15	73	3
15	74	4
15	75	7
15	76	3
15	77	2
16	0	4
16	1	1
16	3	2
16	4	1
16	5	1
16	6	3
16	9	2
16	10	1
16	11	2
16	13	2
16	14	1
16	15	3
16	19	2
16	20	4
16	22	2
16	23	2
16	24	1
16	25	1
16	26	2
16	28	2
16	29	2
16	30	2
16	31	1
16	32	1
16	33	2
16	34	2
16	35	2
16	37	1
16	38	1
16	39	1
16	40	2
16	41	1
16	42	3
16	43	1
16	44	2
16	47	1
16	48	2
16	50	2
16	51	1
16	52	2
16	53	3
16	54	1
16	55	3
16	56	2
16	57	2
16	58	1
16	59	2
16	60	1
16	61	1
16	62	2
16	63	1
16	65	1
16	66	1
16	67	1
16	68	1
16	69	2
16	70	1
16	71	1
16	72	1
16	73	1
16	74	2
16	75	4
16	76	2
16	77	1
17	0	6
17	2	2
17	3	2
17	4	2
17	5	1
17	6	3
17	7	3
17	8	4
17	10	2
17	11	1
17	12	1
17	13	1
17	14	3
17	15	2
17	18	1
17	19	2
17	21	2
17	22	2
17	23	1
17	24	1
17	25	2
17	26	2
17	27	3
17	28	1
17	29	1
17	30	5
17	31	2
17	32	1
17	33	3
17	34	5
17	35	2
17	37	2
17	38	2
17	39	3
17	40	5
17	41	3
17	42	3
17	43	2
17	44	2
17	45	2
17	47	2
17	48	2
17	49	3
17	50	2
17	51	3
17	52	3
17	53	5
17	54	1
17	55	2
17	56	2
17	57	2
17	58	2
17	59	3
17	60	2
17	61	1
17	62	3
17	63	4
17	64	2
17	65	3
17	67	5
17	68	1
17	69	2
17	70	1
17	71	2
17	72	1
17	73	2
17	74	1
17	75	1
17	76	3
17	77	2
18	2	1
18	5	1
18	6	1
18	7	1
18	8	1
18	12	1
18	15	1
18	17	1
18	30	1
18	33	1
18	34	1
18	35	1
18	39	1
18	40	2
18	41	1
18	42	1
18	44	2
18	45	1
18	48	1
18	49	1
18	52	1
18	53	1
18	54	1
18	55	1
18	59	1
18	60	1
18	63	1
18	64	1
18	67	1
18	68	1
18	72	1
18	73	1
18	75	1
18	76	1
18	77	1
19	0	6
19	1	1
19	3	5
19	4	4
19	5	2
19	6	5
19	7	1
19	8	2
19	9	1
19	10	2
19	11	3
19	13	3
19	14	6
19	15	5
19	16	2
19	17	2
19	20	6
19	21	2
19	22	7
19	23	4
19	24	2
19	25	4
19	26	3
19	27	2
19	28	2
19	29	5
19	30	7
19	31	5
19	33	3
19	34	5
19	35	2
19	37	4
19	38	2
19	39	4
19	40	10
19	41	4
19	42	7
19	43	5
19	44	5
19	45	1
19	47	1
19	48	8
19	49	4
19	50	5
19	51	3
19	52	6
19	53	7
19	54	4
19	55	5
19	56	6
19	57	5
19	59	3
19	60	1
19	61	1
19	62	6
19	63	5
19	64	2
19	65	5
19	66	2
19	67	6
19	68	1
19	69	5
19	70	3
19	71	2
19	72	1
19	73	6
19	74	4
19	75	5
19	76	3
19	77	3
20	0	8
20	1	1
20	2	1
20	3	7
20	4	6
20	5	1
20	6	8
20	7	2
20	9	4
20	10	1
20	11	6
20	13	2
20	14	4
20	15	5
20	16	4
20	19	6
20	21	2
20	22	4
20	23	5
20	24	6
20	25	7
20	26	9
20	27	1
20	28	4
20	29	8
20	30	14
20	31	4
20	32	2
20	33	4
20	34	6
20	35	6
20	37	3
20	38	4
20	39	4
20	40	14
20	41	4
20	42	7
20	43	4
20	44	5
20	45	1
20	46	1
20	47	3
20	48	8
20	49	2
20	50	10
20	51	3
20	52	10
20	53	9
20	54	4
20	55	5
20	56	10
20	57	5
20	58	1
20	59	5
20	60	3
20	61	2
20	62	6
20	63	6
20	64	5
20	65	4
20	66	1
20	67	7
20	68	3
20	69	6
20	70	3
20	71	6
20	72	2
20	73	4
20	74	5
20	75	9
20	76	6
20	77	3
21	0	3
21	2	1
21	3	4
21	4	6
21	5	1
21	6	6
21	8	4
21	11	1
21	13	1
21	14	2
21	15	1
21	17	2
21	19	2
21	20	2
21	22	2
21	23	3
21	24	2
21	25	4
21	26	4
21	27	6
21	28	1
21	29	4
21	30	5
21	31	4
21	32	1
21	33	1
21	34	3
21	35	5
21	36	2
21	37	2
21	38	2
21	39	4
21	40	9
21	41	4
21	42	3
21	43	2
21	44	2
21	45	2
21	46	1
21	47	2
21	48	4
21	49	3
21	50	6
21	51	4
21	52	6
21	53	3
21	54	2
21	55	2
21	56	4
21	57	4
21	58	2
21	59	4
21	60	3
21	61	2
21	62	4
21	63	4
21	64	2
21	65	3
21	67	6
21	68	1
21	69	4
21	70	4
21	71	3
21	72	1
21	73	4
21	74	3
21	75	4
21	76	1
21	77	2
22	0	6
22	1	2
22	2	3
22	3	6
22	4	7
22	5	1
22	6	8
22	7	1
22	8	2
22	9	2
22	10	4
22	11	4
22	12	1
22	13	2
22	14	4
22	15	4
22	16	2
22	17	2
22	19	7
22	20	4
22	21	2
22	23	5
22	24	3
22	25	6
22	26	5
22	27	2
22	28	2
22	29	9
22	30	14
22	31	5
22	32	1
22	33	7
22	34	5
22	35	3
22	37	5
22	38	4
22	39	5
22	40	10
22	41	5
22	42	8
22	43	4
22	44	5
22	45	2
22	46	1
22	47	4
22	48	5
22	49	3
22	50	5
22	51	5
22	52	6
22	53	6
22	54	4
22	55	7
22	56	6
22	57	7
22	58	1
22	59	5
22	60	3
22	61	2
22	62	6
22	63	5
22	64	3
22	65	8
22	66	3
22	67	7
22	68	3
22	69	8
22	70	6
22	71	3
22	72	1
22	73	6
22	74	5
22	75	9
22	76	3
22	77	2
23	0	7
23	1	1
23	2	3
23	3	6
23	4	5
23	5	2
23	6	7
23	8	1
23	9	3
23	10	2
23	11	4
23	13	1
23	14	2
23	15	4
23	16	2
23	17	1
23	19	4
23	20	5
23	21	3
23	22	5
23	24	4
23	25	4
23	26	5
23	27	3
23	28	3
23	29	3
23	30	8
23	31	5
23	32	3
23	33	3
23	34	7
23	35	3
23	36	1
23	37	2
23	38	3
23	39	2
23	40	7
23	41	3
23	42	7
23	43	1
23	44	4
23	45	3
23	46	1
23	47	3
23	48	3
23	49	2
23	50	6
23	51	4
23	52	4
23	53	5
23	54	2
23	55	4
23	56	5
23	57	4
23	58	2
23	59	4
23	60	2
23	61	3
23	62	7
23	63	6
23	64	2
23	65	4
23	66	2
23	67	5
23	68	2
23	69	5
23	70	3
23	71	3
23	72	1
23	73	5
23	74	3
23	75	9
23	76	4
23	77	2
24	0	5
24	1	1
24	2	2
24	3	4
24	4	4
24	6	6
24	8	1
24	9	2
24	10	3
24	11	3
24	12	1
24	13	2
24	14	2
24	15	3
24	16	1
24	17	1
24	19	2
24	20	6
24	21	2
24	22	3
24	23	4
24	25	4
24	26	4
24	27	2
24	28	1
24	29	2
24	30	7
24	31	4
24	32	2
24	33	1
24	34	6
24	35	1
24	37	3
24	38	1
24	39	2
24	40	7
24	41	3
24	42	6
24	43	2
24	44	2
24	45	1
24	46	1
24	48	4
24	49	2
24	50	7
24	51	5
24	52	5
24	53	3
24	54	1
24	55	3
24	56	4
24	57	3
24	59	2
24	60	2
24	61	2
24	62	4
24	63	4
24	64	4
24	65	3
24	67	6
24	68	4
24	69	3
24	70	4
24	71	4
24	73	2
24	74	3
24	75	4
24	76	3
24	77	4
25	0	8
25	1	4
25	2	2
25	3	8
25	4	8
25	5	3
25	6	6
25	7	1
25	8	2
25	9	2
25	11	4
25	13	2
25	14	5
25	15	3
25	16	1
25	17	2
25	19	4
25	20	7
25	21	4
25	22	6
25	23	4
25	24	4
25	26	8
25	27	4
25	28	3
25	29	8
25	30	11
25	31	8
25	32	2
25	33	6
25	34	5
25	35	8
25	36	1
25	37	4
25	38	4
25	39	6
25	40	12
25	41	8
25	42	6
25	43	6
25	44	6
25	45	3
25	46	1
25	47	3
25	48	6
25	49	3
25	50	9
25	51	4
25	52	8
25	53	7
25	54	7
25	55	7
25	56	9
25	57	4
25	58	2
25	59	6
25	60	5
25	61	2
25	62	7
25	63	5
25	64	6
25	65	4
25	66	1
25	67	5
25	68	2
25	69	6
25	70	6
25	71	4
25	72	2
25	73	4
25	74	3
25	75	7
25	76	6
25	77	3
26	0	8
26	1	3
26	2	2
26	3	10
26	4	8
26	5	4
26	6	8
26	7	1
26	8	2
26	9	2
26	10	1
26	11	3
26	13	3
26	14	5
26	15	6
26	16	2
26	17	2
26	19	3
26	20	9
26	21	4
26	22	5
26	23	5
26	24	4
26	25	8
26	27	6
26	28	3
26	29	9
26	30	11
26	31	5
26	32	2
26	33	3
26	34	8
26	35	5
26	36	1
26	37	2
26	38	5
26	39	3
26	40	13
26	41	6
26	42	7
26	43	5
26	44	5
26	45	4
26	46	2
26	47	4
26	48	7
26	49	1
26	50	10
26	51	5
26	52	14
26	53	9
26	54	2
26	55	10
26	56	8
26	57	5
26	58	2
26	59	6
26	60	5
26	61	2
26	62	6
26	63	6
26	64	7
26	65	6
26	67	6
26	68	1
26	69	9
26	70	3
26	71	6
26	72	2
26	73	5
26	74	5
26	75	7
26	76	3
26	77	2
27	0	8
27	2	1
27	3	6
27	4	5
27	5	3
27	6	5
27	7	1
27	8	3
27	11	2
27	13	1
27	14	3
27	15	2
27	17	3
27	19	2
27	20	1
27	21	6
27	22	2
27	23	3
27	24	2
27	25	4
27	26	6
27	28	1
27	29	4
27	30	9
27	31	4
27	32	1
27	33	3
27	34	5
27	35	3
27	36	2
27	37	1
27	38	6
27	39	4
27	40	9
27	41	3
27	42	3
27	43	2
27	44	6
27	45	3
27	46	1
27	47	3
27	48	5
27	49	1
27	50	4
27	51	4
27	52	7
27	53	6
27	55	3
27	56	4
27	57	3
27	58	2
27	59	4
27	60	3
27	61	1
27	62	4
27	63	6
27	64	3
27	65	4
27	66	2
27	67	7
27	68	1
27	69	6
27	70	3
27	71	4
27	72	1
27	73	4
27	74	3
27	75	5
27	76	2
27	77	1
28	0	5
28	2	1
28	3	4
28	4	3
28	6	3
28	7	1
28	8	2
28	9	2
28	10	1
28	11	2
28	13	1
28	14	2
28	15	3
28	16	2
28	17	1
28	19	2
28	20	4
28	21	1
28	22	2
28	23	3
28	24	1
28	25	3
28	26	3
28	27	1
28	29	1
28	30	3
28	31	1
28	32	2
28	33	2
28	34	5
28	35	2
28	37	2
28	38	3
28	39	1
28	40	4
28	41	2
28	42	4
28	43	1
28	44	3
28	45	1
28	47	4
28	48	3
28	49	1
28	50	3
28	51	3
28	52	3
28	53	4
28	54	1
28	55	3
28	56	5
28	57	2
28	58	2
28	59	2
28	60	2
28	61	2
28	62	4
28	63	3
28	64	2
28	65	3
28	66	1
28	67	3
28	68	1
28	69	2
28	71	2
28	73	4
28	74	1
28	75	4
28	76	3
29	0	4
29	1	3
29	2	3
29	3	9
29	4	6
29	5	4
29	6	10
29	7	2
29	8	1
29	9	2
29	10	2
29	11	4
29	12	1
29	13	1
29	14	4
29	15	5
29	16	2
29	17	1
29	19	5
29	20	8
29	21	4
29	22	9
29	23	3
29	24	2
29	25	8
29	26	9
29	27	4
29	28	1
29	30	18
29	31	8
29	32	1
29	33	9
29	34	4
29	35	9
29	36	1
29	37	7
29	38	7
29	39	5
29	40	19
29	41	5
29	42	6
29	43	9
29	44	11
29	45	4
29	47	5
29	48	10
29	49	3
29	50	8
29	51	3
29	52	12
29	53	8
29	54	8
29	55	12
29	56	8
29	57	4
29	58	2
29	59	6
29	60	4
29	61	1
29	62	6
29	63	6
29	64	5
29	65	6
29	67	7
29	68	4
29	69	7
29	70	6
29	71	4
29	72	3
29	73	5
29	74	6
29	75	11
29	76	4
29	77	2
30	0	15
30	1	4
30	2	5
30	3	11
30	4	11
30	5	5
30	6	17
30	7	5
30	8	5
30	9	5
30	10	5
30	11	9
30	12	2
30	13	3
30	14	11
30	15	6
30	16	2
30	17	5
30	18	1
30	19	7
30	20	14
30	21	5
30	22	14
30	23	8
30	24	7
30	25	11
30	26	11
30	27	9
30	28	3
30	29	18
30	31	10
30	32	3
30	33	12
30	34	12
30	35	8
30	36	2
30	37	8
30	38	8
30	39	7
30	40	29
30	41	8
30	42	10
30	43	7
30	44	14
30	45	8
30	46	2
30	47	5
30	48	12
30	49	6
30	50	11
30	51	9
30	52	16
30	53	14
30	54	6
30	55	12
30	56	13
30	57	8
30	58	4
30	59	11
30	60	7
30	61	2
30	62	11
30	63	13
30	64	9
30	65	9
30	66	4
30	67	13
30	68	6
30	69	11
30	70	7
30	71	10
30	72	2
30	73	13
30	74	7
30	75	16
30	76	11
30	77	5
31	0	7
31	1	3
31	2	3
31	3	6
31	4	8
31	5	3
31	6	10
31	8	2
31	9	2
31	10	1
31	11	8
31	13	2
31	14	4
31	15	4
31	16	1
31	17	2
31	19	5
31	20	4
31	21	4
31	22	5
31	23	5
31	24	4
31	25	8
31	26	5
31	27	4
31	28	1
31	29	8
31	30	10
31	32	3
31	33	6
31	34	8
31	35	7
31	37	3
31	38	1
31	39	5
31	40	12
31	41	8
31	42	9
31	43	5
31	44	6
31	45	3
31	46	1
31	47	2
31	48	3
31	49	2
31	50	7
31	51	4
31	52	10
31	53	7
31	54	7
31	55	4
31	56	7
31	57	5
31	58	1
31	59	7
31	60	2
31	61	2
31	62	7
31	63	6
31	64	3
31	65	5
31	66	1
31	67	5
31	68	4
31	69	6
31	70	5
31	71	3
31	72	2
31	73	3
31	74	5
31	75	8
31	76	6
31	77	4
32	0	3
32	1	1
32	2	1
32	3	3
32	4	1
32	6	2
32	8	1
32	9	1
32	10	1
32	11	2
32	13	1
32	14	2
32	15	1
32	16	1
32	17	1
32	20	2
32	21	1
32	22	1
32	23	3
32	24	2
32	25	2
32	26	2
32	27	1
32	28	2
32	29	1
32	30	3
32	31	3
32	33	3
32	34	3
32	35	2
32	38	1
32	39	1
32	40	3
32	41	1
32	42	3
32	43	1
32	45	2
32	47	1
32	48	1
32	49	1
32	50	4
32	51	3
32	52	2
32	53	3
32	54	1
32	55	3
32	56	3
32	57	1
32	58	1
32	59	1
32	60	1
32	61	2
32	62	3
32	63	2
32	64	1
32	65	1
32	67	2
32	68	1
32	69	2
32	73	2
32	75	4
32	76	3
32	77	1
33	0	6
33	1	3
33	2	1
33	3	5
33	4	3
33	5	1
33	6	6
33	7	1
33	8	1
33	9	2
33	10	3
33	11	6
33	13	1
33	14	3
33	15	4
33	16	2
33	17	3
33	18	1
33	19	3
33	20	4
33	21	1
33	22	7
33	23	3
33	24	1
33	25	6
33	26	3
33	27	3
33	28	2
33	29	9
33	30	12
33	31	6
33	32	3
33	34	3
33	35	8
33	37	3
33	38	4
33	39	8
33	40	12
33	41	4
33	42	4
33	43	4
33	44	5
33	45	3
33	47	3
33	48	1
33	49	2
33	50	5
33	51	4
33	52	6
33	53	7
33	54	5
33	55	4
33	56	7
33	57	3
33	58	2
33	59	4
33	60	3
33	61	1
33	62	4
33	63	6
33	64	1
33	65	3
33	66	2
33	67	7
33	68	2
33	69	5
33	70	3
33	71	1
33	72	4
33	73	5
33	74	4
33	75	12
33	76	7
33	77	2
34	0	11
34	1	1
34	2	3
34	3	8
34	4	10
34	5	3
34	6	9
34	7	4
34	8	6
34	9	4
34	10	2
34	11	6
34	12	1
34	13	2
34	14	4
34	15	5
34	16	2
34	17	5
34	18	1
34	19	5
34	20	6
34	21	3
34	22	5
34	23	7
34	24	6
34	25	5
34	26	8
34	27	5
34	28	5
34	29	4
34	30	12
34	31	8
34	32	3
34	33	3
34	35	5
34	37	4
34	38	3
34	39	3
34	40	12
34	41	6
34	42	10
34	43	4
34	44	7
34	45	4
34	46	1
34	47	5
34	48	9
34	49	3
34	50	9
34	51	8
34	52	9
34	53	12
34	54	2
34	55	5
34	56	8
34	57	5
34	58	2
34	59	9
34	60	7
34	61	3
34	62	10
34	63	9
34	64	6
34	65	8
34	66	2
34	67	9
34	68	6
34	69	6
34	70	5
34	71	5
34	73	7
34	74	5
34	75	8
34	76	7
34	77	4
35	0	7
35	1	2
35	2	1
35	3	7
35	4	11
35	5	3
35	6	7
35	7	1
35	8	3
35	9	2
35	10	1
35	11	6
35	13	1
35	14	4
35	15	3
35	16	2
35	17	2
35	18	1
35	19	2
35	20	6
35	21	5
35	22	3
35	23	3
35	24	1
35	25	8
35	26	5
35	27	3
35	28	2
35	29	9
35	30	8
35	31	7
35	32	2
35	33	8
35	34	5
35	36	1
35	37	2
35	38	4
35	39	8
35	40	13
35	41	6
35	42	3
35	43	4
35	44	5
35	45	2
35	47	5
35	48	8
35	49	2
35	50	7
35	51	2
35	52	9
35	53	8
35	54	7
35	55	6
35	56	6
35	57	3
35	58	3
35	59	10
35	60	6
35	61	2
35	62	6
35	63	5
35	64	3
35	65	4
35	66	1
35	67	2
35	68	2
35	69	4
35	70	7
35	71	2
35	72	3
35	73	5
35	74	1
35	75	11
35	76	7
35	77	1
36	0	2
36	3	1
36	4	2
36	5	1
36	6	3
36	21	2
36	23	1
36	25	1
36	26	1
36	27	2
36	29	1
36	30	2
36	35	1
36	38	1
36	40	1
36	44	1
36	45	2
36	46	1
36	47	1
36	48	1
36	50	2
36	51	1
36	52	3
36	55	3
36	56	1
36	58	1
36	59	1
36	60	1
36	62	1
36	63	1
36	64	1
36	66	1
36	69	1
36	70	1
36	71	1
36	72	1
36	73	2
36	75	1
37	0	4
37	1	1
37	2	1
37	3	4
37	4	5
37	5	1
37	6	6
37	7	1
37	8	1
37	9	2
37	10	2
37	11	2
37	12	1
37	13	1
37	14	4
37	15	3
37	16	1
37	17	2
37	19	4
37	20	3
37	21	2
37	22	5
37	23	2
37	24	3
37	25	4
37	26	2
37	27	1
37	28	2
37	29	7
37	30	8
37	31	3
37	33	3
37	34	4
37	35	2
37	38	3
37	39	4
37	40	9
37	41	4
37	42	5
37	43	5
37	44	6
37	47	2
37	48	5
37	49	2
37	50	4
37	51	3
37	52	7
37	53	5
37	54	3
37	55	6
37	56	4
37	57	3
37	59	3
37	60	1
37	61	1
37	62	4
37	63	7
37	64	2
37	65	9
37	66	1
37	67	8
37	68	2
37	69	3
37	70	3
37	71	5
37	73	4
37	74	4
37	75	4
37	76	2
37	77	2
38	0	7
38	2	2
38	3	3
38	4	5
38	5	1
38	6	4
38	7	1
38	8	1
38	9	2
38	10	2
38	11	1
38	14	2
38	15	3
38	16	1
38	17	2
38	19	2
38	20	4
38	21	2
38	22	4
38	23	3
38	24	1
38	25	4
38	26	5
38	27	6
38	28	3
38	29	7
38	30	8
38	31	1
38	32	1
38	33	4
38	34	3
38	35	4
38	36	1
38	37	3
38	39	2
38	40	9
38	41	3
38	42	3
38	43	5
38	44	4
38	45	3
38	47	6
38	48	3
38	49	1
38	50	3
38	51	3
38	52	6
38	53	4
38	54	2
38	55	4
38	56	5
38	57	3
38	58	2
38	59	3
38	60	3
38	61	1
38	62	4
38	63	4
38	64	3
38	65	4
38	66	3
38	67	5
38	68	1
38	69	7
38	70	1
38	71	4
38	73	5
38	74	2
38	75	6
38	76	3
39	0	5
39	1	2
39	2	1
39	3	6
39	4	7
39	5	2
39	6	5
39	7	1
39	8	2
39	10	1
39	11	4
39	13	2
39	14	4
39	15	2
39	16	1
39	17	3
39	18	1
39	19	4
39	20	4
39	21	4
39	22	5
39	23	2
39	24	2
39	25	6
39	26	3
39	27	4
39	28	1
39	29	5
39	30	7
39	31	5
39	32	1
39	33	8
39	34	3
39	35	8
39	37	4
39	38	2
39	40	9
39	41	6
39	42	5
39	43	4
39	44	6
39	45	1
39	47	2
39	48	7
39	49	3
39	50	5
39	51	3
39	52	7
39	53	8
39	54	4
39	55	4
39	56	5
39	57	4
39	58	2
39	59	7
39	60	2
39	61	2
39	62	6
39	63	4
39	64	1
39	65	4
39	67	4
39	68	3
39	69	4
39	70	3
39	71	1
39	72	4
39	73	2
39	74	3
39	75	10
39	76	5
39	77	3
40	0	16
40	1	3
40	2	4
40	3	12
40	4	12
40	5	6
40	6	16
40	7	4
40	8	5
40	9	6
40	10	5
40	11	11
40	12	1
40	13	4
40	14	9
40	15	12
40	16	2
40	17	5
40	18	2
40	19	10
40	20	14
40	21	9
40	22	10
40	23	7
40	24	7
40	25	12
40	26	13
40	27	9
40	28	4
40	29	19
40	30	29
40	31	12
40	32	3
40	33	12
40	34	12
40	35	13
40	36	1
40	37	9
40	38	9
40	39	9
40	41	12
40	42	13
40	43	9
40	44	17
40	45	8
40	46	2
40	47	7
40	48	16
40	49	6
40	50	11
40	51	5
40	52	22
40	53	15
40	54	9
40	55	11
40	56	16
40	57	8
40	58	2
40	59	11
40	60	9
40	61	3
40	62	11
40	63	17
40	64	7
40	65	8
40	66	2
40	67	16
40	68	4
40	69	10
40	70	11
40	71	7
40	72	4
40	73	14
40	74	6
40	75	17
40	76	11
40	77	5
41	0	5
41	1	2
41	2	3
41	3	6
41	4	7
41	5	2
41	6	6
41	7	2
41	8	3
41	9	2
41	11	3
41	12	1
41	13	2
41	14	4
41	15	6
41	16	1
41	17	3
41	18	1
41	19	4
41	20	4
41	21	4
41	22	5
41	23	3
41	24	3
41	25	8
41	26	6
41	27	3
41	28	2
41	29	5
41	30	8
41	31	8
41	32	1
41	33	4
41	34	6
41	35	6
41	37	4
41	38	3
41	39	6
41	40	12
41	42	7
41	43	6
41	44	5
41	45	2
41	46	1
41	47	2
41	48	6
41	49	4
41	50	8
41	51	5
41	52	9
41	53	7
41	54	6
41	55	4
41	56	6
41	57	4
41	58	1
41	59	6
41	60	4
41	61	2
41	62	5
41	63	7
41	64	4
41	65	4
41	67	6
41	68	3
41	69	4
41	70	5
41	71	4
41	72	2
41	73	4
41	74	4
41	75	5
41	76	4
41	77	5
42	0	10
42	1	2
42	2	6
42	3	6
42	4	7
42	5	4
42	6	12
42	7	2
42	8	3
42	9	5
42	10	4
42	11	5
42	12	2
42	13	5
42	14	7
42	15	7
42	16	3
42	17	3
42	18	1
42	19	7
42	20	7
42	21	3
42	22	8
42	23	7
42	24	6
42	25	6
42	26	7
42	27	3
42	28	4
42	29	6
42	30	10
42	31	9
42	32	3
42	33	4
42	34	10
42	35	3
42	37	5
42	38	3
42	39	5
42	40	13
42	41	7
42	43	4
42	44	8
42	45	5
42	46	1
42	47	4
42	48	8
42	49	3
42	50	10
42	51	7
42	52	7
42	53	10
42	54	4
42	55	6
42	56	7
42	57	5
42	58	1
42	59	6
42	60	4
42	61	4
42	62	7
42	63	8
42	64	4
42	65	7
42	66	1
42	67	10
42	68	4
42	69	7
42	70	5
42	71	6
42	72	2
42	73	7
42	74	5
42	75	8
42	76	7
42	77	5
43	0	6
43	1	2
43	3	4
43	4	4
43	5	1
43	6	4
43	7	1
43	8	1
43	9	1
43	11	2
43	13	2
43	14	5
43	15	3
43	16	1
43	17	2
43	19	5
43	20	4
43	21	2
43	22	4
43	23	1
43	24	2
43	25	6
43	26	5
43	27	2
43	28	1
43	29	9
43	30	7
43	31	5
43	32	1
43	33	4
43	34	4
43	35	4
43	37	5
43	38	5
43	39	4
43	40	9
43	41	6
43	42	4
43	44	4
43	47	1
43	48	5
43	49	2
43	50	6
43	51	3
43	52	7
43	53	5
43	54	5
43	55	4
43	56	5
43	57	3
43	59	3
43	60	2
43	61	1
43	62	3
43	63	4
43	64	2
43	65	4
43	67	4
43	68	2
43	69	5
43	70	4
43	71	2
43	72	2
43	73	1
43	74	3
43	75	5
43	76	2
43	77	3
44	0	7
44	1	2
44	2	4
44	3	6
44	4	6
44	5	6
44	6	11
44	7	3
44	8	2
44	9	2
44	10	2
44	11	5
44	12	2
44	13	1
44	14	4
44	15	5
44	16	2
44	17	2
44	18	2
44	19	5
44	20	5
44	21	2
44	22	5
44	23	4
44	24	2
44	25	6
44	26	5
44	27	6
44	28	3
44	29	11
44	30	14
44	31	6
44	33	5
44	34	7
44	35	5
44	36	1
44	37	6
44	38	4
44	39	6
44	40	17
44	41	5
44	42	8
44	43	4
44	45	4
44	46	1
44	47	5
44	48	8
44	49	2
44	50	5
44	51	3
44	52	7
44	53	7
44	54	5
44	55	8
44	56	6
44	57	4
44	58	1
44	59	9
44	60	5
44	61	2
44	62	5
44	63	7
44	64	4
44	65	6
44	66	2
44	67	7
44	68	4
44	69	5
44	70	6
44	71	6
44	72	2
44	73	7
44	74	4
44	75	9
44	76	6
44	77	3
45	0	3
45	1	2
45	2	3
45	3	4
45	4	4
45	5	3
45	6	7
45	7	1
45	8	2
45	9	1
45	10	3
45	11	2
45	12	1
45	14	2
45	15	1
45	17	2
45	18	1
45	19	1
45	20	1
45	21	2
45	22	2
45	23	3
45	24	1
45	25	3
45	26	4
45	27	3
45	28	1
45	29	4
45	30	8
45	31	3
45	32	2
45	33	3
45	34	4
45	35	2
45	36	2
45	38	3
45	39	1
45	40	8
45	41	2
45	42	5
45	44	4
45	46	1
45	47	3
45	48	2
45	49	2
45	50	4
45	51	3
45	52	7
45	53	2
45	55	4
45	56	3
45	57	2
45	58	2
45	59	4
45	60	4
45	61	1
45	62	4
45	63	5
45	64	3
45	65	3
45	67	5
45	68	1
45	69	5
45	70	1
45	71	1
45	73	6
45	74	1
45	75	4
45	76	3
45	77	2
46	0	2
46	2	1
46	4	1
46	6	1
46	9	1
46	11	1
46	15	1
46	20	1
46	21	1
46	22	1
46	23	1
46	24	1
46	25	1
46	26	2
46	27	1
46	30	2
46	31	1
46	34	1
46	36	1
46	40	2
46	41	1
46	42	1
46	44	1
46	45	1
46	49	1
46	50	1
46	52	2
46	53	2
46	55	1
46	56	1
46	62	1
46	63	1
46	64	1
46	70	1
46	71	2
46	72	1
47	0	5
47	2	1
47	3	3
47	4	6
47	5	2
47	6	7
47	7	2
47	8	2
47	9	2
47	10	2
47	11	3
47	14	3
47	15	4
47	16	1
47	17	2
47	19	1
47	20	3
47	21	2
47	22	4
47	23	3
47	25	3
47	26	4
47	27	3
47	28	4
47	29	5
47	30	5
47	31	2
47	32	1
47	33	3
47	34	5
47	35	5
47	36	1
47	37	2
47	38	6
47	39	2
47	40	7
47	41	2
47	42	4
47	43	1
47	44	5
47	45	3
47	48	4
47	49	2
47	50	3
47	51	4
47	52	6
47	53	5
47	54	2
47	55	4
47	56	4
47	57	3
47	58	3
47	59	5
47	60	3
47	61	2
47	62	5
47	63	7
47	64	2
47	65	5
47	66	2
47	67	6
47	68	1
47	69	5
47	70	1
47	71	4
47	73	6
47	74	3
47	75	6
47	76	4
48	0	12
48	1	1
48	2	2
48	3	9
48	4	6
48	5	3
48	6	9
48	7	4
48	8	3
48	9	2
48	10	1
48	11	2
48	12	2
48	13	4
48	14	8
48	15	3
48	16	2
48	17	2
48	18	1
48	19	8
48	20	8
48	21	4
48	22	5
48	23	3
48	24	4
48	25	6
48	26	7
48	27	5
48	28	3
48	29	10
48	30	12
48	31	3
48	32	1
48	33	1
48	34	9
48	35	8
48	36	1
48	37	5
48	38	3
48	39	7
48	40	16
48	41	6
48	42	8
48	43	5
48	44	8
48	45	2
48	47	4
48	49	4
48	50	8
48	51	6
48	52	13
48	53	10
48	54	3
48	55	8
48	56	8
48	57	3
48	58	1
48	59	6
48	60	8
48	61	3
48	62	8
48	63	8
48	64	5
48	65	6
48	67	8
48	68	5
48	69	6
48	70	4
48	71	5
48	72	1
48	73	10
48	74	4
48	75	9
48	76	5
48	77	4
49	0	2
49	2	2
49	3	2
49	4	2
49	5	1
49	6	4
49	7	2
49	8	2
49	11	2
49	12	1
49	14	3
49	15	2
49	17	3
49	18	1
49	19	4
49	20	2
49	21	3
49	22	3
49	23	2
49	24	2
49	25	3
49	26	1
49	27	1
49	28	1
49	29	3
49	30	6
49	31	2
49	32	1
49	33	2
49	34	3
49	35	2
49	37	2
49	38	1
49	39	3
49	40	6
49	41	4
49	42	3
49	43	2
49	44	2
49	45	2
49	46	1
49	47	2
49	48	4
49	50	2
49	51	3
49	52	4
49	53	7
49	54	2
49	55	2
49	56	1
49	57	3
49	58	1
49	59	3
49	60	2
49	61	2
49	62	2
49	63	5
49	64	2
49	65	3
49	67	5
49	68	2
49	69	2
49	70	1
49	71	1
49	72	1
49	73	5
49	74	2
49	75	3
49	76	5
49	77	3
50	0	9
50	1	2
50	2	3
50	3	10
50	4	7
50	5	2
50	6	7
50	7	1
50	8	2
50	9	3
50	10	2
50	11	4
50	12	1
50	13	3
50	14	7
50	15	6
50	16	2
50	17	2
50	19	5
50	20	10
50	21	6
50	22	5
50	23	6
50	24	7
50	25	9
50	26	10
50	27	4
50	28	3
50	29	8
50	30	11
50	31	7
50	32	4
50	33	5
50	34	9
50	35	7
50	36	2
50	37	4
50	38	3
50	39	5
50	40	11
50	41	8
50	42	10
50	43	6
50	44	5
50	45	4
50	46	1
50	47	3
50	48	8
50	49	2
50	51	7
50	52	10
50	53	9
50	54	4
50	55	7
50	56	9
50	57	4
50	58	2
50	59	5
50	60	5
50	61	3
50	62	9
50	63	8
50	64	5
50	65	5
50	67	8
50	68	2
50	69	7
50	70	5
50	71	8
50	72	1
50	73	6
50	74	4
50	75	9
50	76	5
50	77	4
51	0	9
51	1	2
51	2	2
51	3	5
51	4	5
51	5	1
51	6	9
51	7	2
51	8	3
51	9	2
51	10	1
51	11	1
51	13	2
51	14	4
51	15	4
51	16	1
51	17	3
51	19	3
51	20	3
51	21	4
51	22	5
51	23	4
51	24	5
51	25	4
51	26	5
51	27	4
51	28	3
51	29	3
51	30	9
51	31	4
51	32	3
51	33	4
51	34	8
51	35	2
51	36	1
51	37	3
51	38	3
51	39	3
51	40	5
51	41	5
51	42	7
51	43	3
51	44	3
51	45	3
51	47	4
51	48	6
51	49	3
51	50	7
51	52	8
51	53	6
51	54	2
51	55	4
51	56	4
51	57	4
51	58	1
51	59	3
51	60	3
51	61	3
51	62	6
51	63	7
51	64	3
51	65	5
51	66	2
51	67	8
51	68	5
51	69	6
51	70	4
51	71	4
51	73	5
51	74	5
51	75	6
51	76	4
51	77	3
52	0	10
52	1	2
52	2	3
52	3	10
52	4	13
52	5	4
52	6	13
52	7	3
52	8	2
52	9	2
52	10	2
52	11	7
52	13	3
52	14	9
52	15	9
52	16	2
52	17	3
52	18	1
52	19	6
52	20	10
52	21	6
52	22	6
52	23	4
52	24	5
52	25	8
52	26	14
52	27	7
52	28	3
52	29	12
52	30	16
52	31	10
52	32	2
52	33	6
52	34	9
52	35	9
52	36	3
52	37	7
52	38	6
52	39	7
52	40	22
52	41	9
52	42	7
52	43	7
52	44	7
52	45	7
52	46	2
52	47	6
52	48	13
52	49	4
52	50	10
52	51	8
52	53	11
52	54	5
52	55	9
52	56	10
52	57	4
52	58	2
52	59	9
52	60	7
52	61	3
52	62	7
52	63	13
52	64	5
52	65	6
52	67	11
52	68	7
52	69	8
52	70	7
52	71	7
52	72	3
52	73	7
52	74	6
52	75	13
52	76	4
52	77	3
53	0	13
53	1	1
53	2	4
53	3	10
53	4	7
53	5	3
53	6	10
53	7	5
53	8	4
53	9	3
53	10	2
53	11	8
53	12	1
53	13	3
53	14	7
53	15	8
53	16	3
53	17	5
53	18	1
53	19	7
53	20	9
53	21	3
53	22	6
53	23	5
53	24	3
53	25	7
53	26	9
53	27	6
53	28	4
53	29	8
53	30	14
53	31	7
53	32	3
53	33	7
53	34	12
53	35	8
53	37	5
53	38	4
53	39	8
53	40	15
53	41	7
53	42	10
53	43	5
53	44	7
53	45	2
53	46	2
53	47	5
53	48	10
53	49	7
53	50	9
53	51	6
53	52	11
53	54	4
53	55	10
53	56	11
53	57	5
53	58	2
53	59	6
53	60	6
53	61	2
53	62	12
53	63	7
53	64	6
53	65	7
53	66	2
53	67	10
53	68	4
53	69	5
53	70	3
53	71	6
53	72	4
53	73	9
53	74	4
53	75	12
53	76	12
53	77	3
54	0	3
54	1	2
54	3	4
54	4	4
54	5	1
54	6	4
54	7	1
54	9	1
54	10	1
54	11	3
54	13	1
54	14	2
54	15	5
54	16	1
54	17	1
54	18	1
54	19	4
54	20	4
54	21	2
54	22	4
54	23	2
54	24	1
54	25	7
54	26	2
54	28	1
54	29	8
54	30	6
54	31	7
54	32	1
54	33	5
54	34	2
54	35	7
54	37	3
54	38	2
54	39	4
54	40	9
54	41	6
54	42	4
54	43	5
54	44	5
54	47	2
54	48	3
54	49	2
54	50	4
54	51	2
54	52	5
54	53	4
54	55	4
54	56	4
54	57	2
54	59	4
54	60	2
54	61	1
54	62	3
54	63	2
54	64	2
54	65	2
54	67	2
54	68	2
54	69	2
54	70	4
54	71	1
54	72	3
54	73	2
54	74	2
54	75	8
54	76	3
54	77	2
55	0	8
55	1	4
55	2	2
55	3	11
55	4	5
55	5	4
55	6	8
55	7	1
55	8	1
55	9	2
55	10	3
55	11	4
55	12	1
55	13	3
55	14	7
55	15	5
55	16	3
55	17	2
55	18	1
55	19	5
55	20	5
55	21	2
55	22	7
55	23	4
55	24	3
55	25	7
55	26	10
55	27	3
55	28	3
55	29	12
55	30	12
55	31	4
55	32	3
55	33	4
55	34	5
55	35	6
55	36	3
55	37	6
55	38	4
55	39	4
55	40	11
55	41	4
55	42	6
55	43	4
55	44	8
55	45	4
55	46	1
55	47	4
55	48	8
55	49	2
55	50	7
55	51	4
55	52	9
55	53	10
55	54	4
55	56	6
55	57	6
55	58	1
55	59	5
55	60	3
55	61	1
55	62	7
55	63	8
55	64	6
55	65	8
55	66	3
55	67	6
55	68	2
55	69	6
55	70	3
55	71	5
55	72	1
55	73	7
55	74	3
55	75	9
55	76	5
55	77	2
56	0	11
56	1	3
56	2	2
56	3	7
56	4	7
56	5	2
56	6	8
56	7	2
56	8	3
56	9	4
56	10	2
56	11	9
56	13	2
56	14	4
56	15	4
56	16	2
56	17	2
56	19	6
56	20	10
56	21	4
56	22	6
56	23	5
56	24	4
56	25	9
56	26	8
56	27	4
56	28	5
56	29	8
56	30	13
56	31	7
56	32	3
56	33	7
56	34	8
56	35	6
56	36	1
56	37	4
56	38	5
56	39	5
56	40	16
56	41	6
56	42	7
56	43	5
56	44	6
56	45	3
56	46	1
56	47	4
56	48	8
56	49	1
56	50	9
56	51	4
56	52	10
56	53	11
56	54	4
56	55	6
56	57	6
56	58	2
56	59	5
56	60	4
56	61	1
56	62	9
56	63	7
56	64	6
56	65	4
56	66	1
56	67	7
56	68	2
56	69	8
56	70	4
56	71	6
56	72	1
56	73	9
56	74	4
56	75	10
56	76	8
56	77	3
57	0	6
57	1	1
57	2	1
57	3	7
57	4	4
57	5	2
57	6	9
57	8	2
57	9	1
57	10	2
57	11	4
57	13	2
57	14	4
57	15	2
57	16	2
57	17	2
57	19	5
57	20	5
57	21	4
57	22	7
57	23	4
57	24	3
57	25	4
57	26	5
57	27	3
57	28	2
57	29	4
57	30	8
57	31	5
57	32	1
57	33	3
57	34	5
57	35	3
57	37	3
57	38	3
57	39	4
57	40	8
57	41	4
57	42	5
57	43	3
57	44	4
57	45	2
57	47	3
57	48	3
57	49	3
57	50	4
57	51	4
57	52	4
57	53	5
57	54	2
57	55	6
57	56	6
57	58	1
57	59	4
57	60	2
57	61	2
57	62	5
57	63	6
57	64	3
57	65	8
57	66	3
57	67	5
57	68	1
57	69	10
57	70	2
57	71	2
57	72	1
57	73	4
57	74	9
57	75	6
57	76	5
57	77	3
58	0	3
58	2	1
58	3	2
58	4	2
58	5	1
58	6	2
58	7	1
58	8	2
58	9	2
58	10	1
58	11	1
58	14	1
58	16	1
58	17	2
58	20	1
58	21	2
58	22	1
58	23	2
58	25	2
58	26	2
58	27	2
58	28	2
58	29	2
58	30	4
58	31	1
58	32	1
58	33	2
58	34	2
58	35	3
58	36	1
58	38	2
58	39	2
58	40	2
58	41	1
58	42	1
58	44	1
58	45	2
58	47	3
58	48	1
58	49	1
58	50	2
58	51	1
58	52	2
58	53	2
58	55	1
58	56	2
58	57	1
58	59	2
58	60	2
58	61	1
58	62	3
58	63	2
58	64	1
58	65	1
58	67	2
58	69	2
58	70	1
58	71	1
58	72	1
58	73	2
58	75	2
58	76	2
59	0	6
59	1	3
59	2	2
59	3	6
59	4	13
59	5	4
59	6	10
59	7	2
59	8	3
59	9	1
59	10	1
59	11	5
59	12	1
59	13	1
59	14	2
59	15	3
59	16	2
59	17	3
59	18	1
59	19	3
59	20	5
59	21	4
59	22	5
59	23	4
59	24	2
59	25	6
59	26	6
59	27	4
59	28	2
59	29	6
59	30	11
59	31	7
59	32	1
59	33	4
59	34	9
59	35	10
59	36	1
59	37	3
59	38	3
59	39	7
59	40	11
59	41	6
59	42	6
59	43	3
59	44	9
59	45	4
59	47	5
59	48	6
59	49	3
59	50	5
59	51	3
59	52	9
59	53	6
59	54	4
59	55	5
59	56	5
59	57	4
59	58	2
59	60	6
59	61	2
59	62	6
59	63	7
59	64	2
59	65	5
59	66	1
59	67	5
59	68	5
59	69	6
59	70	6
59	71	3
59	72	1
59	73	4
59	74	5
59	75	10
59	76	4
59	77	3
60	0	6
60	1	1
60	2	2
60	3	6
60	4	4
60	5	3
60	6	6
60	7	2
60	8	2
60	9	1
60	11	1
60	12	1
60	13	1
60	14	3
60	15	2
60	16	1
60	17	2
60	18	1
60	19	1
60	20	3
60	21	3
60	22	3
60	23	2
60	24	2
60	25	5
60	26	5
60	27	3
60	28	2
60	29	4
60	30	7
60	31	2
60	32	1
60	33	3
60	34	7
60	35	6
60	36	1
60	37	1
60	38	3
60	39	2
60	40	9
60	41	4
60	42	4
60	43	2
60	44	5
60	45	4
60	47	3
60	48	8
60	49	2
60	50	5
60	51	3
60	52	7
60	53	6
60	54	2
60	55	3
60	56	4
60	57	2
60	58	2
60	59	6
60	61	1
60	62	3
60	63	4
60	64	3
60	65	3
60	67	6
60	68	2
60	69	4
60	70	3
60	71	2
60	72	1
60	73	5
60	74	1
60	75	6
60	76	4
60	77	3
61	0	2
61	2	1
61	3	3
61	4	2
61	6	3
61	8	1
61	9	1
61	10	1
61	13	1
61	14	1
61	15	1
61	16	1
61	17	1
61	19	1
61	20	2
61	21	2
61	22	2
61	23	3
61	24	2
61	25	2
61	26	2
61	27	1
61	28	2
61	29	1
61	30	2
61	31	2
61	32	2
61	33	1
61	34	3
61	35	2
61	37	1
61	38	1
61	39	2
61	40	3
61	41	2
61	42	4
61	43	1
61	44	2
61	45	1
61	47	2
61	48	3
61	49	2
61	50	3
61	51	3
61	52	3
61	53	2
61	54	1
61	55	1
61	56	1
61	57	2
61	58	1
61	59	2
61	60	1
61	62	3
61	63	2
61	65	2
61	67	2
61	68	2
61	69	2
61	70	1
61	73	1
61	74	1
61	75	3
61	76	1
61	77	1
62	0	11
62	2	2
62	3	9
62	4	9
62	5	2
62	6	7
62	7	3
62	8	3
62	9	3
62	10	2
62	11	6
62	13	2
62	14	4
62	15	4
62	16	2
62	17	3
62	19	6
62	20	6
62	21	4
62	22	6
62	23	7
62	24	4
62	25	7
62	26	6
62	27	4
62	28	4
62	29	6
62	30	11
62	31	7
62	32	3
62	33	4
62	34	10
62	35	6
62	36	1
62	37	4
62	38	4
62	39	6
62	40	11
62	41	5
62	42	7
62	43	3
62	44	5
62	45	4
62	46	1
62	47	5
62	48	8
62	49	2
62	50	9
62	51	6
62	52	7
62	53	12
62	54	3
62	55	7
62	56	9
62	57	5
62	58	3
62	59	6
62	60	3
62	61	3
62	63	8
62	64	7
62	65	6
62	66	2
62	67	7
62	68	3
62	69	5
62	70	3
62	71	5
62	72	1
62	73	6
62	74	5
62	75	10
62	76	6
62	77	2
63	0	9
63	1	1
63	2	2
63	3	9
63	4	9
63	5	5
63	6	11
63	7	2
63	8	3
63	9	3
63	10	2
63	11	5
63	12	1
63	13	1
63	14	5
63	15	4
63	16	1
63	17	4
63	18	1
63	19	5
63	20	6
63	21	4
63	22	5
63	23	6
63	24	4
63	25	5
63	26	6
63	27	6
63	28	3
63	29	6
63	30	13
63	31	6
63	32	2
63	33	6
63	34	9
63	35	5
63	36	1
63	37	7
63	38	4
63	39	4
63	40	17
63	41	7
63	42	8
63	43	4
63	44	7
63	45	5
63	46	1
63	47	7
63	48	8
63	49	5
63	50	8
63	51	7
63	52	13
63	53	7
63	54	2
63	55	8
63	56	7
63	57	6
63	58	2
63	59	7
63	60	4
63	61	2
63	62	8
63	64	4
63	65	8
63	66	2
63	67	11
63	68	3
63	69	8
63	70	2
63	71	6
63	73	8
63	74	6
63	75	9
63	76	7
63	77	4
64	0	6
64	2	2
64	3	6
64	4	4
64	5	2
64	6	3
64	7	2
64	8	2
64	9	2
64	10	1
64	11	2
64	12	1
64	13	1
64	14	2
64	15	3
64	17	2
64	18	1
64	19	2
64	20	5
64	21	2
64	22	3
64	23	2
64	24	4
64	25	6
64	26	7
64	27	3
64	28	2
64	29	5
64	30	9
64	31	3
64	32	1
64	33	1
64	34	6
64	35	3
64	36	1
64	37	2
64	38	3
64	39	1
64	40	7
64	41	4
64	42	4
64	43	2
64	44	4
64	45	3
64	46	1
64	47	2
64	48	5
64	49	2
64	50	5
64	51	3
64	52	5
64	53	6
64	54	2
64	55	6
64	56	6
64	57	3
64	58	1
64	59	2
64	60	3
64	62	7
64	63	4
64	65	4
64	67	3
64	68	3
64	69	4
64	70	3
64	71	4
64	73	5
64	74	1
64	75	4
64	76	3
64	77	3
65	0	7
65	2	2
65	3	7
65	4	7
65	5	2
65	6	9
65	7	1
65	8	2
65	9	2
65	10	3
65	11	3
65	12	1
65	13	1
65	14	6
65	15	4
65	16	1
65	17	3
65	19	5
65	20	4
65	21	3
65	22	8
65	23	4
65	24	3
65	25	4
65	26	6
65	27	4
65	28	3
65	29	6
65	30	9
65	31	5
65	32	1
65	33	3
65	34	8
65	35	4
65	37	9
65	38	4
65	39	4
65	40	8
65	41	4
65	42	7
65	43	4
65	44	6
65	45	3
65	47	5
65	48	6
65	49	3
65	50	5
65	51	5
65	52	6
65	53	7
65	54	2
65	55	8
65	56	4
65	57	8
65	58	1
65	59	5
65	60	3
65	61	2
65	62	6
65	63	8
65	64	4
65	66	3
65	67	9
65	68	1
65	69	8
65	70	2
65	71	4
65	73	7
65	74	5
65	75	7
65	76	4
65	77	2
66	0	3
66	3	1
66	4	2
66	5	1
66	6	5
66	9	1
66	10	1
66	11	2
66	13	1
66	14	1
66	15	1
66	16	1
66	19	2
66	20	1
66	22	3
66	23	2
66	25	1
66	27	2
66	28	1
66	30	4
66	31	1
66	33	2
66	34	2
66	35	1
66	36	1
66	37	1
66	38	3
66	40	2
66	42	1
66	44	2
66	47	2
66	51	2
66	53	2
66	55	3
66	56	1
66	57	3
66	59	1
66	62	2
66	63	2
66	65	3
66	67	1
66	68	1
66	69	4
66	71	1
66	73	2
66	74	3
66	75	2
66	76	2
67	0	10
67	1	1
67	2	5
67	3	9
67	4	6
67	5	2
67	6	9
67	7	5
67	8	4
67	9	4
67	10	4
67	11	5
67	12	2
67	13	1
67	14	6
67	15	6
67	16	1
67	17	5
67	18	1
67	19	6
67	20	7
67	21	6
67	22	7
67	23	5
67	24	6
67	25	5
67	26	6
67	27	7
67	28	3
67	29	7
67	30	13
67	31	5
67	32	2
67	33	7
67	34	9
67	35	2
67	37	8
67	38	5
67	39	4
67	40	16
67	41	6
67	42	10
67	43	4
67	44	7
67	45	5
67	47	6
67	48	8
67	49	5
67	50	8
67	51	8
67	52	11
67	53	10
67	54	2
67	55	6
67	56	7
67	57	5
67	58	2
67	59	5
67	60	6
67	61	2
67	62	7
67	63	11
67	64	3
67	65	9
67	66	1
67	68	3
67	69	7
67	70	3
67	71	6
67	72	1
67	73	10
67	74	5
67	75	9
67	76	8
67	77	4
68	0	3
68	1	1
68	2	2
68	3	2
68	4	4
68	5	1
68	6	8
68	7	1
68	8	1
68	11	3
68	12	1
68	13	2
68	15	1
68	16	1
68	17	1
68	18	1
68	19	1
68	20	3
68	21	1
68	22	3
68	23	2
68	24	4
68	25	2
68	26	1
68	27	1
68	28	1
68	29	4
68	30	6
68	31	4
68	32	1
68	33	2
68	34	6
68	35	2
68	37	2
68	38	1
68	39	3
68	40	4
68	41	3
68	42	4
68	43	2
68	44	4
68	45	1
68	47	1
68	48	5
68	49	2
68	50	2
68	51	5
68	52	7
68	53	4
68	54	2
68	55	2
68	56	2
68	57	1
68	59	5
68	60	2
68	61	2
68	62	3
68	63	3
68	64	3
68	65	1
68	66	1
68	67	3
68	69	3
68	70	4
68	73	2
68	74	2
68	75	4
68	76	2
68	77	2
69	0	9
69	1	2
69	2	1
69	3	7
69	4	7
69	5	3
69	6	9
69	8	2
69	9	2
69	10	3
69	11	4
69	13	3
69	14	3
69	15	3
69	16	2
69	17	2
69	19	5
69	20	6
69	21	4
69	22	8
69	23	5
69	24	3
69	25	6
69	26	9
69	27	6
69	28	2
69	29	7
69	30	11
69	31	6
69	32	2
69	33	5
69	34	6
69	35	4
69	36	1
69	37	3
69	38	7
69	39	4
69	40	10
69	41	4
69	42	7
69	43	5
69	44	5
69	45	5
69	47	5
69	48	6
69	49	2
69	50	7
69	51	6
69	52	8
69	53	5
69	54	2
69	55	6
69	56	8
69	57	10
69	58	2
69	59	6
69	60	4
69	61	2
69	62	5
69	63	8
69	64	4
69	65	8
69	66	4
69	67	7
69	68	3
69	70	3
69	71	3
69	72	1
69	73	5
69	74	8
69	75	8
69	76	4
69	77	4
70	0	6
70	1	3
70	2	2
70	3	3
70	4	6
70	5	2
70	6	6
70	7	1
70	8	3
70	9	1
70	10	2
70	11	4
70	12	1
70	13	2
70	14	2
70	15	2
70	16	1
70	17	1
70	19	3
70	20	3
70	21	4
70	22	6
70	23	3
70	24	4
70	25	6
70	26	3
70	27	3
70	29	6
70	30	7
70	31	5
70	33	3
70	34	5
70	35	7
70	36	1
70	37	3
70	38	1
70	39	3
70	40	11
70	41	5
70	42	5
70	43	4
70	44	6
70	45	1
70	46	1
70	47	1
70	48	4
70	49	1
70	50	5
70	51	4
70	52	7
70	53	3
70	54	4
70	55	3
70	56	4
70	57	2
70	58	1
70	59	6
70	60	3
70	61	1
70	62	3
70	63	2
70	64	3
70	65	2
70	67	3
70	68	4
70	69	3
70	71	4
70	72	2
70	73	3
70	74	2
70	75	5
70	76	1
70	77	2
71	0	8
71	2	2
71	3	3
71	4	5
71	5	1
71	6	7
71	7	3
71	8	2
71	9	3
71	10	3
71	11	3
71	12	1
71	13	1
71	14	4
71	15	4
71	16	1
71	17	2
71	19	2
71	20	6
71	21	3
71	22	3
71	23	3
71	24	4
71	25	4
71	26	6
71	27	4
71	28	2
71	29	4
71	30	10
71	31	3
71	33	1
71	34	5
71	35	2
71	36	1
71	37	5
71	38	4
71	39	1
71	40	7
71	41	4
71	42	6
71	43	2
71	44	6
71	45	1
71	46	2
71	47	4
71	48	5
71	49	1
71	50	8
71	51	4
71	52	7
71	53	6
71	54	1
71	55	5
71	56	6
71	57	2
71	58	1
71	59	3
71	60	2
71	62	5
71	63	6
71	64	4
71	65	4
71	66	1
71	67	6
71	69	3
71	70	4
71	73	5
71	74	3
71	75	5
71	76	3
71	77	1
72	0	2
72	1	1
72	3	1
72	5	1
72	6	2
72	7	1
72	10	1
72	11	3
72	13	1
72	14	1
72	15	3
72	16	1
72	17	1
72	18	1
72	19	1
72	20	2
72	21	1
72	22	1
72	23	1
72	25	2
72	26	2
72	27	1
72	29	3
72	30	2
72	31	2
72	33	4
72	35	3
72	36	1
72	39	4
72	40	4
72	41	2
72	42	2
72	43	2
72	44	2
72	46	1
72	48	1
72	49	1
72	50	1
72	52	3
72	53	4
72	54	3
72	55	1
72	56	1
72	57	1
72	58	1
72	59	1
72	60	1
72	62	1
72	67	1
72	69	1
72	70	2
72	74	2
72	75	2
72	76	3
72	77	1
73	0	7
73	1	1
73	2	3
73	3	6
73	4	5
73	5	3
73	6	8
73	7	4
73	8	4
73	9	3
73	10	3
73	11	5
73	12	2
73	14	6
73	15	3
73	16	1
73	17	2
73	18	1
73	19	6
73	20	4
73	21	4
73	22	6
73	23	5
73	24	2
73	25	4
73	26	5
73	27	4
73	28	4
73	29	5
73	30	13
73	31	3
73	32	2
73	33	5
73	34	7
73	35	5
73	36	2
73	37	4
73	38	5
73	39	2
73	40	14
73	41	4
73	42	7
73	43	1
73	44	7
73	45	6
73	47	6
73	48	10
73	49	5
73	50	6
73	51	5
73	52	7
73	53	9
73	54	2
73	55	7
73	56	9
73	57	4
73	58	2
73	59	4
73	60	5
73	61	1
73	62	6
73	63	8
73	64	5
73	65	7
73	66	2
73	67	10
73	68	2
73	69	5
73	70	3
73	71	5
73	74	1
73	75	9
73	76	7
73	77	2
74	0	5
74	1	1
74	3	4
74	4	5
74	5	2
74	6	10
74	8	1
74	9	1
74	10	1
74	11	5
74	13	2
74	14	2
74	15	4
74	16	2
74	17	1
74	19	4
74	20	5
74	21	3
74	22	5
74	23	3
74	24	3
74	25	3
74	26	5
74	27	3
74	28	1
74	29	6
74	30	7
74	31	5
74	33	4
74	34	5
74	35	1
74	37	4
74	38	2
74	39	3
74	40	6
74	41	4
74	42	5
74	43	3
74	44	4
74	45	1
74	47	3
74	48	4
74	49	2
74	50	4
74	51	5
74	52	6
74	53	4
74	54	2
74	55	3
74	56	4
74	57	9
74	59	5
74	60	1
74	61	1
74	62	5
74	63	6
74	64	1
74	65	5
74	66	3
74	67	5
74	68	2
74	69	8
74	70	2
74	71	3
74	72	2
74	73	1
74	75	4
74	76	4
74	77	3
75	0	10
75	1	3
75	2	2
75	3	11
75	4	10
75	5	3
75	6	11
75	7	2
75	8	1
75	9	3
75	10	3
75	11	7
75	13	2
75	14	5
75	15	7
75	16	4
75	17	1
75	18	1
75	19	5
75	20	9
75	21	4
75	22	9
75	23	9
75	24	4
75	25	7
75	26	7
75	27	5
75	28	4
75	29	11
75	30	16
75	31	8
75	32	4
75	33	12
75	34	8
75	35	11
75	36	1
75	37	4
75	38	6
75	39	10
75	40	17
75	41	5
75	42	8
75	43	5
75	44	9
75	45	4
75	47	6
75	48	9
75	49	3
75	50	9
75	51	6
75	52	13
75	53	12
75	54	8
75	55	9
75	56	10
75	57	6
75	58	2
75	59	10
75	60	6
75	61	3
75	62	10
75	63	9
75	64	4
75	65	7
75	66	2
75	67	9
75	68	4
75	69	8
75	70	5
75	71	5
75	72	2
75	73	9
75	74	4
75	76	8
75	77	3
76	0	9
76	1	2
76	2	3
76	3	5
76	4	3
76	5	3
76	6	8
76	7	4
76	8	2
76	9	3
76	10	3
76	11	9
76	12	1
76	13	1
76	14	5
76	15	3
76	16	2
76	17	3
76	18	1
76	19	3
76	20	6
76	21	1
76	22	3
76	23	4
76	24	3
76	25	6
76	26	3
76	27	2
76	28	3
76	29	4
76	30	11
76	31	6
76	32	3
76	33	7
76	34	7
76	35	7
76	37	2
76	38	3
76	39	5
76	40	11
76	41	4
76	42	7
76	43	2
76	44	6
76	45	3
76	47	4
76	48	5
76	49	5
76	50	5
76	51	4
76	52	4
76	53	12
76	54	3
76	55	5
76	56	8
76	57	5
76	58	2
76	59	4
76	60	4
76	61	1
76	62	6
76	63	7
76	64	3
76	65	4
76	66	2
76	67	8
76	68	2
76	69	4
76	70	1
76	71	3
76	72	3
76	73	7
76	74	4
76	75	8
76	77	3
77	0	3
77	1	3
77	2	1
77	3	4
77	4	2
77	5	2
77	6	4
77	7	1
77	8	2
77	9	1
77	10	1
77	11	3
77	12	1
77	13	2
77	14	2
77	15	2
77	16	1
77	17	2
77	18	1
77	19	3
77	20	3
77	21	2
77	22	2
77	23	2
77	24	4
77	25	3
77	26	2
77	27	1
77	29	2
77	30	5
77	31	4
77	32	1
77	33	2
77	34	4
77	35	1
77	37	2
77	39	3
77	40	5
77	41	5
77	42	5
77	43	3
77	44	3
77	45	2
77	48	4
77	49	3
77	50	4
77	51	3
77	52	3
77	53	3
77	54	2
77	55	2
77	56	3
77	57	3
77	59	3
77	60	3
77	61	1
77	62	2
77	63	4
77	64	3
77	65	2
77	67	4
77	68	2
77	69	4
77	70	2
77	71	1
77	72	1
77	73	2
77	74	3
77	75	3
77	76	3
