32	0.00425773817681487
33	0.0101081486383797
21	0.011848536736171
63	0.0158025833171081
90	0.00500980168745024
71	0.0140656622282057
7	0.0080119195461644
102	0.00882593862667578
26	0.0146620443537548
80	0.0168701599105403
99	0.00894886046863793
18	0.00879428826876277
72	0.00950079523918237
16	0.00685676883451136
44	0.0162960826193777
55	0.0110637867168987
27	0.0185562404292415
84	0.0146048778762629
74	0.0132829813949954
57	0.011882166787885
95	0.00859744972721772
61	0.0120460612976074
108	0.0054580458510846
20	0.00171826267818509
92	0.00900339294926885
109	0.0113274594287035
103	0.0054174795851859
89	0.0131259304898103
10	0.00443716582729861
31	0.0116093029016596
35	0.0090360364271745
11	0.01343579763378
91	0.00417180663104798
78	0.0022298967345667
48	0.00798531461391335
107	0.0101262227195669
87	0.0083957043896111
77	0.0141183993147888
93	0.00534747327023352
106	0.00963303813249062
29	0.0116524189380267
65	0.0129954776028313
50	0.0070083629365875
39	0.0146551527638815
64	0.0120749166696384
97	0.00975571702276906
12	0.00768736364532354
58	0.00446938252361401
41	0.00290156447709768
15	0.00592425589330647
52	0.0106962602044977
81	0.0149414559194609
60	0.0137708072577692
56	0.0147125580119499
45	0.00163387975447458
66	0.0127352675738748
73	0.00383142771091501
101	0.0127890032231199
76	0.0119289370271191
19	0.00375322497996852
86	0.00385428949915773
62	0.00950576543610582
54	0.00195631553151119
67	0.00489704277566464
70	0.0119460598719569
68	0.0132134766869372
2	0.0090895456982018
17	0.00451000021424863
1	0.00551918826116247
88	0.0125363763972596
30	0.0116771985333151
100	0.0137137665326113
82	0.00538691382185866
25	0.010852467639629
28	0.00392248615204945
40	0.0042149982057699
75	0.00429710582318873
83	0.00117596847697814
14	0.00230873558363494
69	0.00686106256077358
59	0.00561297019918116
49	0.0154383423642921
24	0.0128141632214708
104	0.0111786574197301
53	0.0135359604654681
79	0.00442039722029583
22	0.0131457939805887
42	0.00209948069111314
46	0.017108314875088
0	0.00506228720640199
13	0.00730547818799333
23	0.00335236223671431
96	0.00688138256790547
105	0.00522150707371477
6	0.0116073853917764
85	0.00939193027884239
3	0.00963003260757643
36	0.00580684984953525
94	0.013354558333687
51	0.00904162179555603
9	0.00684481676085106
47	0.0114448947155485
38	0.00975241306956705
8	0.0143750084245517
4	0.0058885067818689
98	0.0163670066842426
34	0.00215704952650283
37	0.00999903119735276
43	0.00753932382634957
5	0.00579665274777741
