32	0.015951717103595
33	0.00904493392503558
21	0.0217485727699264
63	0.0177898229184599
71	0.0252588159662392
7	0.0074785210470362
26	0.00413131251894758
18	0.0210236622404753
72	0.0198399816182246
16	0.0045090792658903
44	0.0116746530494829
55	0.0122011739251687
74	0.0158826140402573
27	0.0244881500947207
57	0.00267213585431994
61	0.00486385276592078
20	0.016399399490136
10	0.0141516752288144
31	0.0138846673028782
35	0.0173468259426191
11	0.0167414397916904
48	0.0131376491560109
65	0.0135787538511407
29	0.00690168082290052
50	0.0145528928796117
39	0.0156920686396862
64	0.0239270743353997
12	7.08228781589742e-05
58	0.0264189974597991
41	0.0176411141595577
15	0.00830495314155576
52	0.0119259414295013
60	0.0319971638466831
56	0.0165756958092113
45	0.0168958053319374
73	0.0219160202659278
66	0.0181588550843388
19	0.00899059578164107
62	0.0140692379910143
54	0.0195723046511781
67	0.0118857866268898
70	0.0125254911877427
68	0.0176188679082631
2	0.015953478134505
17	0.00629431954592968
1	0.0128389558665275
30	0.0171821101490512
25	0.00531629146667971
28	0.0208117994132414
40	0.00407333222821464
14	0.0162498559961821
69	0.00272529403614966
59	0.00317788330193376
49	0.0129183184195073
24	0.0110956993644817
53	0.0062304507510314
22	0.0125700356357412
42	0.0151114644434182
0	0.0206182576575292
46	0.0137334801602917
23	0.00608295846766683
13	0.0131063771311352
6	0.00380252874436899
36	0.00861321440514764
3	0.0111336635135717
51	0.0133620360932828
9	0.0124170368267054
47	0.0109553523355341
38	0.0174071882612574
8	0.0117604380159557
4	0.0156935497362379
34	0.0185241304800352
37	0.00301304334418524
43	0.00852837965622388
5	0.00925829632028815
