0	1	1
0	2	1
0	4	1
0	6	2
0	7	1
0	8	1
0	9	1
0	10	4
0	11	2
0	14	2
0	15	3
0	16	1
0	17	3
0	19	1
0	20	1
0	21	3
0	22	1
0	25	2
0	28	2
0	29	2
0	30	2
0	33	3
0	35	2
0	36	1
0	37	1
0	38	2
0	40	3
0	41	1
0	42	2
0	44	1
0	46	2
0	47	1
0	48	3
0	49	1
0	50	2
0	51	2
0	52	1
0	53	2
0	54	1
0	55	1
0	56	2
0	57	2
0	58	1
0	59	1
0	60	1
0	61	2
0	62	2
0	63	1
0	64	1
0	65	1
0	66	1
0	67	1
1	0	1
1	2	1
1	3	2
1	4	2
1	6	1
1	8	2
1	9	3
1	10	2
1	11	1
1	12	1
1	13	1
1	14	1
1	15	1
1	16	1
1	17	1
1	19	1
1	20	1
1	21	1
1	22	2
1	25	3
1	26	1
1	28	3
1	29	1
1	30	3
1	31	2
1	33	3
1	35	2
1	36	1
1	38	2
1	39	2
1	40	1
1	41	1
1	42	1
1	43	1
1	44	1
1	45	1
1	46	1
1	47	1
1	48	1
1	49	1
1	50	1
1	53	3
1	54	1
1	55	1
1	58	2
1	59	1
1	61	1
1	62	1
1	63	2
1	64	1
1	65	2
1	66	1
1	67	1
2	0	1
2	1	1
2	3	1
2	4	2
2	5	1
2	6	1
2	7	1
2	8	2
2	9	1
2	10	2
2	11	2
2	12	1
2	13	1
2	14	4
2	15	2
2	16	2
2	17	4
2	19	1
2	21	2
2	22	1
2	25	2
2	26	3
2	28	2
2	29	4
2	30	1
2	32	1
2	33	4
2	34	1
2	35	1
2	36	1
2	37	1
2	38	1
2	40	1
2	41	2
2	42	4
2	43	1
2	44	1
2	45	1
2	46	1
2	47	1
2	48	3
2	49	2
2	50	1
2	52	1
2	53	4
2	54	1
2	55	1
2	56	1
2	58	1
2	59	1
2	61	1
2	62	2
2	63	2
2	64	1
2	65	1
2	66	2
2	67	6
3	1	2
3	2	1
3	4	1
3	6	2
3	9	1
3	10	1
3	12	1
3	13	2
3	16	2
3	17	1
3	20	1
3	22	2
3	23	2
3	25	3
3	26	1
3	28	2
3	29	1
3	30	2
3	31	2
3	32	1
3	33	1
3	35	3
3	38	1
3	39	4
3	42	3
3	43	2
3	44	1
3	45	2
3	46	1
3	48	1
3	49	1
3	52	1
3	53	2
3	56	1
3	58	1
3	62	1
3	63	3
3	64	2
3	65	1
4	0	1
4	1	2
4	2	2
4	3	1
4	6	1
4	8	2
4	9	3
4	10	3
4	11	1
4	12	3
4	13	2
4	14	2
4	15	5
4	16	1
4	17	4
4	18	4
4	19	2
4	20	1
4	21	2
4	22	1
4	25	7
4	26	1
4	27	1
4	28	2
4	29	3
4	30	4
4	31	1
4	33	5
4	35	4
4	36	2
4	37	1
4	38	3
4	39	1
4	40	2
4	41	2
4	42	3
4	43	3
4	44	2
4	45	1
4	46	1
4	47	1
4	48	3
4	49	1
4	50	1
4	51	2
4	52	1
4	53	4
4	54	1
4	55	2
4	57	2
4	58	3
4	59	1
4	60	1
4	61	2
4	62	1
4	63	3
4	64	2
4	65	1
4	66	1
4	67	4
5	2	1
5	6	1
5	7	1
5	8	2
5	9	1
5	10	2
5	14	4
5	15	2
5	16	1
5	17	1
5	18	1
5	19	2
5	22	1
5	25	1
5	26	1
5	30	2
5	33	3
5	35	2
5	37	1
5	40	1
5	42	4
5	44	2
5	46	1
5	47	2
5	48	1
5	49	1
5	51	1
5	53	1
5	59	1
5	62	1
5	63	4
5	64	1
5	67	4
6	0	2
6	1	1
6	2	1
6	3	2
6	4	1
6	5	1
6	7	1
6	8	1
6	9	2
6	10	2
6	11	1
6	12	1
6	13	2
6	14	3
6	15	3
6	16	1
6	17	7
6	18	2
6	19	3
6	20	1
6	21	3
6	22	5
6	24	1
6	25	4
6	26	2
6	27	2
6	28	2
6	29	4
6	30	5
6	31	1
6	32	1
6	33	5
6	35	6
6	37	2
6	38	3
6	39	1
6	40	1
6	42	9
6	43	2
6	44	4
6	45	2
6	46	2
6	47	1
6	48	4
6	49	3
6	50	2
6	51	3
6	52	2
6	53	6
6	55	1
6	56	3
6	57	2
6	59	2
6	60	1
6	61	2
6	62	3
6	63	8
6	64	4
6	67	4
7	0	1
7	2	1
7	5	1
7	6	1
7	8	1
7	9	1
7	10	2
7	11	2
7	12	1
7	14	2
7	15	1
7	16	1
7	17	1
7	21	1
7	22	2
7	25	1
7	28	1
7	29	3
7	30	3
7	33	3
7	35	3
7	37	1
7	38	1
7	40	1
7	42	3
7	43	2
7	44	1
7	46	1
7	48	2
7	49	1
7	50	1
7	51	1
7	52	1
7	53	1
7	56	1
7	57	1
7	60	1
7	61	1
7	62	2
7	63	3
7	64	3
7	67	2
8	0	1
8	1	2
8	2	2
8	4	2
8	5	2
8	6	1
8	7	1
8	9	3
8	10	3
8	11	2
8	12	1
8	13	1
8	14	5
8	15	4
8	16	5
8	17	4
8	18	1
8	19	3
8	20	1
8	21	4
8	22	3
8	24	1
8	25	5
8	26	5
8	28	1
8	29	3
8	30	5
8	31	1
8	32	1
8	33	10
8	35	7
8	36	5
8	37	2
8	38	5
8	40	3
8	41	3
8	42	5
8	43	2
8	44	4
8	46	3
8	47	1
8	48	3
8	49	3
8	50	1
8	51	1
8	52	3
8	53	6
8	54	1
8	55	2
8	56	1
8	57	3
8	58	5
8	59	3
8	60	1
8	61	3
8	62	4
8	63	3
8	64	3
8	65	1
8	66	2
8	67	5
9	0	1
9	1	3
9	2	1
9	3	1
9	4	3
9	5	1
9	6	2
9	7	1
9	8	3
9	10	5
9	11	1
9	12	2
9	13	1
9	14	2
9	15	2
9	16	2
9	17	3
9	18	4
9	19	4
9	20	2
9	21	4
9	22	4
9	24	1
9	25	6
9	26	1
9	27	1
9	28	4
9	29	4
9	30	8
9	31	1
9	33	7
9	35	6
9	36	2
9	37	3
9	38	5
9	39	1
9	40	2
9	41	2
9	42	5
9	43	4
9	44	2
9	45	2
9	46	4
9	47	4
9	48	5
9	49	2
9	50	2
9	51	3
9	52	1
9	53	5
9	54	1
9	55	3
9	56	1
9	57	2
9	58	3
9	59	3
9	61	3
9	62	2
9	63	5
9	64	3
9	65	2
9	66	1
9	67	4
10	0	4
10	1	2
10	2	2
10	3	1
10	4	3
10	5	2
10	6	2
10	7	2
10	8	3
10	9	5
10	11	2
10	12	1
10	14	7
10	15	7
10	16	2
10	17	5
10	18	3
10	19	5
10	21	4
10	22	2
10	23	3
10	25	7
10	27	1
10	28	2
10	29	3
10	30	7
10	33	7
10	35	8
10	36	3
10	37	2
10	38	5
10	39	2
10	40	3
10	41	2
10	42	10
10	43	2
10	44	2
10	46	4
10	47	3
10	48	7
10	49	2
10	50	3
10	51	3
10	52	2
10	53	4
10	54	1
10	55	3
10	56	2
10	57	4
10	58	3
10	59	1
10	60	2
10	61	4
10	62	5
10	63	5
10	64	3
10	65	2
10	66	1
10	67	6
11	0	2
11	1	1
11	2	2
11	4	1
11	6	1
11	7	2
11	8	2
11	9	1
11	10	2
11	12	1
11	13	1
11	14	2
11	15	5
11	16	2
11	17	5
11	18	1
11	19	1
11	21	2
11	22	2
11	23	1
11	25	3
11	26	1
11	27	1
11	28	2
11	29	5
11	30	3
11	32	2
11	33	3
11	35	4
11	36	1
11	37	2
11	38	3
11	40	4
11	41	2
11	42	4
11	43	1
11	44	3
11	46	5
11	47	3
11	48	2
11	49	2
11	50	1
11	51	2
11	52	4
11	53	3
11	54	1
11	55	1
11	56	1
11	57	2
11	58	4
11	59	2
11	60	3
11	61	4
11	62	4
11	63	2
11	64	3
11	65	1
11	66	2
11	67	3
12	1	1
12	2	1
12	3	1
12	4	3
12	6	1
12	7	1
12	8	1
12	9	2
12	10	1
12	11	1
12	13	4
12	14	1
12	15	2
12	17	3
12	20	1
12	22	4
12	25	4
12	26	3
12	28	1
12	29	2
12	30	4
12	31	1
12	33	3
12	35	5
12	37	2
12	38	1
12	39	1
12	40	1
12	41	1
12	42	5
12	43	4
12	44	3
12	45	1
12	46	1
12	47	1
12	48	2
12	49	1
12	50	1
12	52	2
12	53	3
12	58	1
12	60	1
12	61	1
12	62	2
12	63	4
12	64	2
12	66	1
12	67	2
13	1	1
13	2	1
13	3	2
13	4	2
13	6	2
13	8	1
13	9	1
13	11	1
13	12	4
13	15	1
13	17	2
13	20	1
13	22	3
13	25	3
13	26	2
13	28	1
13	29	1
13	30	2
13	31	1
13	32	1
13	33	2
13	35	3
13	37	1
13	38	1
13	39	1
13	40	1
13	41	1
13	42	3
13	43	2
13	44	2
13	45	2
13	46	1
13	48	1
13	52	2
13	53	3
13	56	1
13	58	1
13	60	1
13	61	1
13	62	1
13	63	4
13	64	3
13	66	1
14	0	2
14	1	1
14	2	4
14	4	2
14	5	4
14	6	3
14	7	2
14	8	5
14	9	2
14	10	7
14	11	2
14	12	1
14	15	7
14	16	2
14	17	6
14	18	2
14	19	4
14	21	6
14	22	2
14	23	1
14	25	8
14	26	4
14	27	2
14	28	2
14	29	5
14	30	5
14	33	8
14	34	3
14	35	9
14	36	3
14	37	3
14	38	5
14	40	6
14	41	4
14	42	12
14	43	1
14	44	3
14	45	1
14	46	3
14	47	3
14	48	4
14	49	2
14	50	2
14	51	4
14	52	3
14	53	6
14	54	1
14	55	1
14	56	1
14	57	1
14	58	2
14	59	4
14	60	3
14	61	5
14	62	7
14	63	5
14	64	3
14	65	1
14	66	4
14	67	9
15	0	3
15	1	1
15	2	2
15	4	5
15	5	2
15	6	3
15	7	1
15	8	4
15	9	2
15	10	7
15	11	5
15	12	2
15	13	1
15	14	7
15	16	2
15	17	9
15	18	2
15	19	4
15	21	6
15	22	3
15	23	2
15	25	7
15	26	3
15	27	1
15	28	2
15	29	6
15	30	7
15	32	1
15	33	7
15	34	1
15	35	5
15	36	2
15	37	4
15	38	6
15	40	4
15	41	4
15	42	13
15	43	3
15	44	5
15	45	1
15	46	5
15	47	3
15	48	4
15	49	2
15	50	2
15	51	2
15	52	6
15	53	6
15	54	1
15	55	4
15	56	3
15	57	8
15	58	5
15	59	4
15	60	5
15	61	6
15	62	4
15	63	4
15	64	5
15	65	1
15	66	3
15	67	5
16	0	1
16	1	1
16	2	2
16	3	2
16	4	1
16	5	1
16	6	1
16	7	1
16	8	5
16	9	2
16	10	2
16	11	2
16	14	2
16	15	2
16	17	3
16	18	1
16	19	2
16	20	1
16	21	2
16	23	2
16	25	3
16	26	2
16	28	1
16	29	2
16	30	4
16	32	2
16	33	4
16	35	5
16	36	3
16	38	2
16	39	2
16	40	1
16	41	1
16	42	5
16	43	1
16	46	3
16	47	1
16	48	4
16	49	5
16	50	1
16	53	3
16	54	1
16	55	1
16	56	1
16	57	2
16	58	5
16	59	1
16	61	1
16	62	1
16	63	3
16	64	1
16	65	1
16	66	1
16	67	3
17	0	3
17	1	1
17	2	4
17	3	1
17	4	4
17	5	1
17	6	7
17	7	1
17	8	4
17	9	3
17	10	5
17	11	5
17	12	3
17	13	2
17	14	6
17	15	9
17	16	3
17	18	7
17	19	9
17	20	1
17	21	5
17	22	6
17	23	1
17	24	1
17	25	9
17	26	4
17	27	3
17	28	2
17	29	11
17	30	13
17	32	3
17	33	10
17	34	1
17	35	13
17	36	2
17	37	4
17	38	8
17	40	7
17	41	4
17	42	17
17	43	4
17	44	9
17	45	1
17	46	7
17	47	4
17	48	6
17	49	7
17	50	5
17	51	8
17	52	8
17	53	9
17	54	1
17	55	4
17	56	3
17	57	3
17	58	5
17	59	4
17	60	5
17	61	10
17	62	7
17	63	12
17	64	5
17	65	1
17	66	4
17	67	12
18	4	4
18	5	1
18	6	2
18	8	1
18	9	4
18	10	3
18	11	1
18	14	2
18	15	2
18	16	1
18	17	7
18	19	5
18	21	2
18	22	1
18	23	1
18	24	1
18	25	4
18	27	2
18	29	3
18	30	5
18	32	1
18	33	5
18	35	5
18	36	1
18	37	2
18	38	4
18	40	3
18	41	1
18	42	7
18	43	2
18	44	1
18	46	3
18	47	4
18	48	4
18	49	3
18	50	2
18	51	5
18	52	2
18	53	4
18	55	3
18	56	1
18	57	1
18	58	2
18	59	2
18	60	1
18	61	3
18	62	2
18	63	4
18	67	7
19	0	1
19	1	1
19	2	1
19	4	2
19	5	2
19	6	3
19	8	3
19	9	4
19	10	5
19	11	1
19	14	4
19	15	4
19	16	2
19	17	9
19	18	5
19	21	3
19	22	2
19	23	1
19	24	1
19	25	5
19	26	1
19	27	1
19	28	1
19	29	4
19	30	7
19	33	5
19	34	1
19	35	8
19	36	3
19	37	2
19	38	4
19	40	3
19	41	3
19	42	8
19	43	2
19	44	4
19	46	3
19	47	3
19	48	3
19	49	4
19	50	2
19	51	3
19	52	2
19	53	5
19	54	1
19	55	3
19	56	1
19	57	2
19	58	2
19	59	3
19	60	1
19	61	6
19	62	3
19	63	6
19	64	1
19	65	1
19	66	2
19	67	6
20	0	1
20	1	1
20	3	1
20	4	1
20	6	1
20	8	1
20	9	2
20	12	1
20	13	1
20	16	1
20	17	1
20	22	2
20	25	1
20	26	1
20	28	2
20	30	2
20	31	1
20	32	1
20	33	2
20	35	1
20	38	1
20	39	1
20	40	1
20	42	2
20	43	1
20	44	1
20	45	2
20	49	1
20	51	1
20	53	2
20	57	1
20	63	1
20	64	2
21	0	3
21	1	1
21	2	2
21	4	2
21	6	3
21	7	1
21	8	4
21	9	4
21	10	4
21	11	2
21	14	6
21	15	6
21	16	2
21	17	5
21	18	2
21	19	3
21	22	2
21	23	1
21	24	1
21	25	7
21	26	2
21	27	2
21	28	2
21	29	6
21	30	8
21	33	6
21	34	3
21	35	7
21	36	2
21	37	3
21	38	4
21	40	4
21	41	5
21	42	8
21	43	3
21	44	4
21	45	1
21	46	5
21	47	2
21	48	6
21	49	2
21	50	3
21	51	4
21	52	4
21	53	7
21	54	1
21	55	3
21	56	3
21	57	5
21	58	3
21	59	4
21	60	3
21	61	6
21	62	3
21	63	5
21	64	1
21	65	1
21	66	4
21	67	3
22	0	1
22	1	2
22	2	1
22	3	2
22	4	1
22	5	1
22	6	5
22	7	2
22	8	3
22	9	4
22	10	2
22	11	2
22	12	4
22	13	3
22	14	2
22	15	3
22	17	6
22	18	1
22	19	2
22	20	2
22	21	2
22	24	1
22	25	8
22	26	4
22	27	1
22	28	3
22	29	4
22	30	7
22	31	1
22	32	1
22	33	7
22	35	8
22	36	1
22	37	4
22	38	5
22	39	1
22	40	2
22	41	1
22	42	8
22	43	5
22	44	7
22	45	3
22	46	3
22	47	3
22	48	4
22	49	2
22	50	2
22	51	2
22	52	4
22	53	6
22	55	2
22	56	2
22	57	1
22	58	3
22	59	3
22	60	2
22	61	3
22	62	5
22	63	7
22	64	7
22	66	1
22	67	3
23	3	2
23	10	3
23	11	1
23	14	1
23	15	2
23	16	2
23	17	1
23	18	1
23	19	1
23	21	1
23	25	3
23	27	1
23	29	1
23	30	2
23	32	1
23	35	3
23	38	1
23	39	3
23	40	1
23	42	4
23	43	1
23	46	2
23	47	1
23	49	2
23	51	1
23	52	1
23	57	1
23	58	2
23	59	2
23	60	1
23	61	3
23	62	1
23	63	3
23	67	4
24	6	1
24	8	1
24	9	1
24	17	1
24	18	1
24	19	1
24	21	1
24	22	1
24	25	1
24	27	1
24	29	1
24	30	1
24	33	1
24	35	2
24	37	1
24	38	1
24	42	1
24	43	1
24	46	1
24	47	1
24	48	1
24	49	1
24	50	1
24	51	1
24	53	1
24	55	1
24	59	1
24	61	1
24	63	2
24	67	1
25	0	2
25	1	3
25	2	2
25	3	3
25	4	7
25	5	1
25	6	4
25	7	1
25	8	5
25	9	6
25	10	7
25	11	3
25	12	4
25	13	3
25	14	8
25	15	7
25	16	3
25	17	9
25	18	4
25	19	5
25	20	1
25	21	7
25	22	8
25	23	3
25	24	1
25	26	3
25	27	3
25	28	4
25	29	7
25	30	10
25	31	1
25	33	10
25	34	2
25	35	14
25	36	2
25	37	8
25	38	10
25	39	3
25	40	6
25	41	5
25	42	12
25	43	6
25	44	7
25	45	1
25	46	6
25	47	3
25	48	4
25	49	3
25	50	3
25	51	6
25	52	5
25	53	11
25	54	1
25	55	4
25	56	1
25	57	2
25	58	5
25	59	3
25	60	4
25	61	8
25	62	5
25	63	11
25	64	4
25	65	1
25	66	4
25	67	8
26	1	1
26	2	3
26	3	1
26	4	1
26	5	1
26	6	2
26	8	5
26	9	1
26	11	1
26	12	3
26	13	2
26	14	4
26	15	3
26	16	2
26	17	4
26	19	1
26	20	1
26	21	2
26	22	4
26	25	3
26	28	1
26	29	3
26	30	2
26	32	3
26	33	6
26	34	2
26	35	4
26	36	1
26	37	2
26	38	3
26	39	1
26	40	1
26	41	2
26	42	7
26	43	2
26	44	2
26	45	1
26	46	2
26	48	2
26	49	1
26	50	1
26	52	2
26	53	6
26	56	2
26	57	2
26	58	3
26	59	1
26	60	1
26	61	1
26	62	2
26	63	3
26	64	3
26	66	2
26	67	2
27	4	1
27	6	2
27	9	1
27	10	1
27	11	1
27	14	2
27	15	1
27	17	3
27	18	2
27	19	1
27	21	2
27	22	1
27	23	1
27	24	1
27	25	3
27	29	5
27	30	2
27	32	1
27	33	1
27	34	1
27	35	3
27	37	1
27	38	2
27	40	2
27	41	1
27	42	6
27	43	1
27	44	1
27	45	1
27	46	2
27	47	3
27	48	1
27	49	3
27	50	1
27	51	5
27	52	2
27	53	3
27	55	1
27	57	2
27	58	2
27	59	2
27	60	3
27	61	3
27	62	3
27	63	2
27	64	1
27	66	1
27	67	4
28	0	2
28	1	3
28	2	2
28	3	2
28	4	2
28	6	2
28	7	1
28	8	1
28	9	4
28	10	2
28	11	2
28	12	1
28	13	1
28	14	2
28	15	2
28	16	1
28	17	2
28	19	1
28	20	2
28	21	2
28	22	3
28	25	4
28	26	1
28	29	2
28	30	4
28	31	2
28	33	4
28	35	3
28	36	2
28	37	3
28	38	3
28	39	3
28	40	2
28	41	1
28	42	2
28	43	1
28	44	2
28	45	1
28	46	2
28	47	1
28	48	3
28	49	1
28	50	1
28	51	1
28	52	1
28	53	3
28	54	1
28	55	1
28	56	1
28	57	1
28	58	1
28	59	1
28	60	1
28	61	2
28	62	3
28	63	3
28	64	3
28	65	1
28	66	1
28	67	1
29	0	2
29	1	1
29	2	4
29	3	1
29	4	3
29	6	4
29	7	3
29	8	3
29	9	4
29	10	3
29	11	5
29	12	2
29	13	1
29	14	5
29	15	6
29	16	2
29	17	11
29	18	3
29	19	4
29	21	6
29	22	4
29	23	1
29	24	1
29	25	7
29	26	3
29	27	5
29	28	2
29	30	8
29	32	3
29	33	6
29	34	2
29	35	8
29	36	2
29	37	3
29	38	7
29	40	6
29	41	4
29	42	14
29	43	3
29	44	7
29	45	2
29	46	7
29	47	6
29	48	5
29	49	5
29	50	3
29	51	10
29	52	9
29	53	8
29	54	1
29	55	3
29	56	3
29	57	5
29	58	4
29	59	4
29	60	4
29	61	8
29	62	5
29	63	5
29	64	3
29	65	1
29	66	3
29	67	7
30	0	2
30	1	3
30	2	1
30	3	2
30	4	4
30	5	2
30	6	5
30	7	3
30	8	5
30	9	8
30	10	7
30	11	3
30	12	4
30	13	2
30	14	5
30	15	7
30	16	4
30	17	13
30	18	5
30	19	7
30	20	2
30	21	8
30	22	7
30	23	2
30	24	1
30	25	10
30	26	2
30	27	2
30	28	4
30	29	8
30	31	1
30	33	8
30	34	1
30	35	12
30	36	5
30	37	5
30	38	10
30	39	4
30	40	6
30	41	4
30	42	12
30	43	7
30	44	8
30	45	3
30	46	6
30	47	4
30	48	8
30	49	5
30	50	3
30	51	6
30	52	6
30	53	12
30	54	1
30	55	3
30	56	1
30	57	3
30	58	4
30	59	3
30	60	4
30	61	7
30	62	5
30	63	15
30	64	5
30	65	2
30	66	3
30	67	7
31	1	2
31	3	2
31	4	1
31	6	1
31	8	1
31	9	1
31	12	1
31	13	1
31	20	1
31	22	1
31	25	1
31	28	2
31	30	1
31	33	1
31	35	1
31	38	1
31	39	2
31	42	1
31	43	1
31	44	1
31	45	1
31	53	1
31	63	1
31	64	1
32	2	1
32	3	1
32	6	1
32	8	1
32	11	2
32	13	1
32	15	1
32	16	2
32	17	3
32	18	1
32	20	1
32	22	1
32	23	1
32	26	3
32	27	1
32	29	3
32	33	1
32	40	1
32	42	3
32	45	1
32	46	3
32	47	2
32	48	1
32	49	2
32	51	1
32	52	2
32	53	2
32	56	1
32	57	1
32	58	2
32	59	1
32	60	1
32	61	1
32	62	1
32	63	1
32	64	2
32	67	2
33	0	3
33	1	3
33	2	4
33	3	1
33	4	5
33	5	3
33	6	5
33	7	3
33	8	10
33	9	7
33	10	7
33	11	3
33	12	3
33	13	2
33	14	8
33	15	7
33	16	4
33	17	10
33	18	5
33	19	5
33	20	2
33	21	6
33	22	7
33	24	1
33	25	10
33	26	6
33	27	1
33	28	4
33	29	6
33	30	8
33	31	1
33	32	1
33	35	11
33	36	3
33	37	6
33	38	8
33	39	1
33	40	7
33	41	3
33	42	14
33	43	5
33	44	6
33	45	1
33	46	7
33	47	3
33	48	7
33	49	4
33	50	4
33	51	5
33	52	4
33	53	10
33	54	1
33	55	4
33	56	3
33	57	5
33	58	5
33	59	5
33	60	2
33	61	5
33	62	6
33	63	8
33	64	5
33	65	1
33	66	2
33	67	10
34	2	1
34	14	3
34	15	1
34	17	1
34	19	1
34	21	3
34	25	2
34	26	2
34	27	1
34	29	2
34	30	1
34	35	1
34	38	1
34	40	3
34	41	4
34	42	4
34	44	1
34	49	1
34	50	1
34	51	1
34	52	3
34	53	1
34	57	1
34	60	3
34	61	3
34	62	1
34	66	4
35	0	2
35	1	2
35	2	1
35	3	3
35	4	4
35	5	2
35	6	6
35	7	3
35	8	7
35	9	6
35	10	8
35	11	4
35	12	5
35	13	3
35	14	9
35	15	5
35	16	5
35	17	13
35	18	5
35	19	8
35	20	1
35	21	7
35	22	8
35	23	3
35	24	2
35	25	14
35	26	4
35	27	3
35	28	3
35	29	8
35	30	12
35	31	1
35	33	11
35	34	1
35	36	3
35	37	4
35	38	8
35	39	3
35	40	6
35	41	4
35	42	18
35	43	7
35	44	8
35	45	1
35	46	8
35	47	5
35	48	6
35	49	5
35	50	4
35	51	6
35	52	5
35	53	10
35	54	1
35	55	6
35	56	2
35	57	3
35	58	6
35	59	3
35	60	3
35	61	8
35	62	7
35	63	14
35	64	6
35	65	1
35	66	3
35	67	11
36	0	1
36	1	1
36	2	1
36	4	2
36	8	5
36	9	2
36	10	3
36	11	1
36	14	3
36	15	2
36	16	3
36	17	2
36	18	1
36	19	3
36	21	2
36	22	1
36	25	2
36	26	1
36	28	2
36	29	2
36	30	5
36	33	3
36	35	3
36	38	3
36	39	1
36	40	2
36	41	2
36	42	1
36	43	1
36	44	2
36	46	1
36	47	1
36	48	2
36	49	1
36	50	1
36	51	1
36	52	1
36	53	2
36	54	1
36	55	2
36	57	1
36	58	3
36	59	2
36	61	2
36	62	2
36	64	1
36	65	1
36	66	1
36	67	3
37	0	1
37	2	1
37	4	1
37	5	1
37	6	2
37	7	1
37	8	2
37	9	3
37	10	2
37	11	2
37	12	2
37	13	1
37	14	3
37	15	4
37	17	4
37	18	2
37	19	2
37	21	3
37	22	4
37	24	1
37	25	8
37	26	2
37	27	1
37	28	3
37	29	3
37	30	5
37	33	6
37	35	4
37	38	3
37	40	3
37	41	1
37	42	5
37	43	3
37	44	2
37	46	5
37	47	2
37	48	3
37	49	1
37	50	1
37	51	3
37	52	2
37	53	8
37	54	1
37	55	3
37	56	1
37	57	1
37	58	1
37	59	1
37	60	2
37	61	3
37	62	2
37	63	5
37	64	4
37	65	1
37	66	1
37	67	3
38	0	2
38	1	2
38	2	1
38	3	1
38	4	3
38	6	3
38	7	1
38	8	5
38	9	5
38	10	5
38	11	3
38	12	1
38	13	1
38	14	5
38	15	6
38	16	2
38	17	8
38	18	4
38	19	4
38	20	1
38	21	4
38	22	5
38	23	1
38	24	1
38	25	10
38	26	3
38	27	2
38	28	3
38	29	7
38	30	10
38	31	1
38	33	8
38	34	1
38	35	8
38	36	3
38	37	3
38	39	2
38	40	5
38	41	4
38	42	9
38	43	3
38	44	5
38	45	1
38	46	6
38	47	2
38	48	3
38	49	4
38	50	3
38	51	5
38	52	4
38	53	7
38	54	1
38	55	3
38	56	1
38	57	3
38	58	4
38	59	3
38	60	3
38	61	6
38	62	5
38	63	5
38	64	3
38	65	1
38	66	4
38	67	5
39	1	2
39	3	4
39	4	1
39	6	1
39	9	1
39	10	2
39	12	1
39	13	1
39	16	2
39	20	1
39	22	1
39	23	3
39	25	3
39	26	1
39	28	3
39	30	4
39	31	2
39	33	1
39	35	3
39	36	1
39	38	2
39	42	2
39	43	2
39	44	1
39	45	1
39	46	1
39	49	1
39	53	1
39	58	1
39	63	2
39	64	1
40	0	3
40	1	1
40	2	1
40	4	2
40	5	1
40	6	1
40	7	1
40	8	3
40	9	2
40	10	3
40	11	4
40	12	1
40	13	1
40	14	6
40	15	4
40	16	1
40	17	7
40	18	3
40	19	3
40	20	1
40	21	4
40	22	2
40	23	1
40	25	6
40	26	1
40	27	2
40	28	2
40	29	6
40	30	6
40	32	1
40	33	7
40	34	3
40	35	6
40	36	2
40	37	3
40	38	5
40	41	5
40	42	8
40	43	1
40	44	3
40	46	5
40	47	3
40	48	4
40	49	3
40	50	1
40	51	7
40	52	6
40	53	5
40	54	1
40	55	1
40	56	1
40	57	2
40	58	4
40	59	3
40	60	6
40	61	7
40	62	7
40	63	4
40	64	2
40	65	1
40	66	6
40	67	5
41	0	1
41	1	1
41	2	2
41	4	2
41	8	3
41	9	2
41	10	2
41	11	2
41	12	1
41	13	1
41	14	4
41	15	4
41	16	1
41	17	4
41	18	1
41	19	3
41	21	5
41	22	1
41	25	5
41	26	2
41	27	1
41	28	1
41	29	4
41	30	4
41	33	3
41	34	4
41	35	4
41	36	2
41	37	1
41	38	4
41	40	5
41	42	5
41	43	2
41	44	3
41	46	2
41	47	1
41	48	1
41	49	2
41	50	1
41	51	2
41	52	5
41	53	3
41	54	1
41	55	2
41	57	2
41	58	3
41	59	1
41	60	4
41	61	6
41	62	3
41	63	1
41	64	1
41	65	1
41	66	6
41	67	2
42	0	2
42	1	1
42	2	4
42	3	3
42	4	3
42	5	4
42	6	9
42	7	3
42	8	5
42	9	5
42	10	10
42	11	4
42	12	5
42	13	3
42	14	12
42	15	13
42	16	5
42	17	17
42	18	7
42	19	8
42	20	2
42	21	8
42	22	8
42	23	4
42	24	1
42	25	12
42	26	7
42	27	6
42	28	2
42	29	14
42	30	12
42	31	1
42	32	3
42	33	14
42	34	4
42	35	18
42	36	1
42	37	5
42	38	9
42	39	2
42	40	8
42	41	5
42	43	6
42	44	9
42	45	4
42	46	10
42	47	8
42	48	8
42	49	11
42	50	5
42	51	9
42	52	11
42	53	15
42	55	4
42	56	4
42	57	7
42	58	3
42	59	7
42	60	6
42	61	9
42	62	8
42	63	15
42	64	5
42	66	4
42	67	15
43	1	1
43	2	1
43	3	2
43	4	3
43	6	2
43	7	2
43	8	2
43	9	4
43	10	2
43	11	1
43	12	4
43	13	2
43	14	1
43	15	3
43	16	1
43	17	4
43	18	2
43	19	2
43	20	1
43	21	3
43	22	5
43	23	1
43	24	1
43	25	6
43	26	2
43	27	1
43	28	1
43	29	3
43	30	7
43	31	1
43	33	5
43	35	7
43	36	1
43	37	3
43	38	3
43	39	2
43	40	1
43	41	2
43	42	6
43	44	4
43	45	1
43	46	2
43	47	1
43	48	2
43	49	1
43	50	1
43	51	2
43	52	2
43	53	6
43	55	2
43	57	1
43	58	3
43	59	1
43	60	1
43	61	3
43	62	2
43	63	6
43	64	2
43	66	1
43	67	3
44	0	1
44	1	1
44	2	1
44	3	1
44	4	2
44	5	2
44	6	4
44	7	1
44	8	4
44	9	2
44	10	2
44	11	3
44	12	3
44	13	2
44	14	3
44	15	5
44	17	9
44	18	1
44	19	4
44	20	1
44	21	4
44	22	7
44	25	7
44	26	2
44	27	1
44	28	2
44	29	7
44	30	8
44	31	1
44	33	6
44	34	1
44	35	8
44	36	2
44	37	2
44	38	5
44	39	1
44	40	3
44	41	3
44	42	9
44	43	4
44	45	1
44	46	2
44	47	1
44	48	3
44	49	2
44	50	2
44	51	3
44	52	6
44	53	6
44	55	1
44	56	2
44	57	3
44	58	3
44	59	1
44	60	3
44	61	5
44	62	4
44	63	9
44	64	5
44	66	2
44	67	5
45	1	1
45	2	1
45	3	2
45	4	1
45	6	2
45	9	2
45	12	1
45	13	2
45	14	1
45	15	1
45	17	1
45	20	2
45	21	1
45	22	3
45	25	1
45	26	1
45	27	1
45	28	1
45	29	2
45	30	3
45	31	1
45	32	1
45	33	1
45	35	1
45	38	1
45	39	1
45	42	4
45	43	1
45	44	1
45	47	1
45	48	2
45	51	1
45	52	1
45	53	4
45	56	1
45	59	1
45	63	2
45	64	3
46	0	2
46	1	1
46	2	1
46	3	1
46	4	1
46	5	1
46	6	2
46	7	1
46	8	3
46	9	4
46	10	4
46	11	5
46	12	1
46	13	1
46	14	3
46	15	5
46	16	3
46	17	7
46	18	3
46	19	3
46	21	5
46	22	3
46	23	2
46	24	1
46	25	6
46	26	2
46	27	2
46	28	2
46	29	7
46	30	6
46	32	3
46	33	7
46	35	8
46	36	1
46	37	5
46	38	6
46	39	1
46	40	5
46	41	2
46	42	10
46	43	2
46	44	2
46	47	5
46	48	5
46	49	4
46	50	2
46	51	4
46	52	5
46	53	6
46	54	1
46	55	3
46	56	2
46	57	3
46	58	4
46	59	6
46	60	4
46	61	7
46	62	4
46	63	6
46	64	2
46	65	1
46	66	2
46	67	5
47	0	1
47	1	1
47	2	1
47	4	1
47	5	2
47	6	1
47	8	1
47	9	4
47	10	3
47	11	3
47	12	1
47	14	3
47	15	3
47	16	1
47	17	4
47	18	4
47	19	3
47	21	2
47	22	3
47	23	1
47	24	1
47	25	3
47	27	3
47	28	1
47	29	6
47	30	4
47	32	2
47	33	3
47	35	5
47	36	1
47	37	2
47	38	2
47	40	3
47	41	1
47	42	8
47	43	1
47	44	1
47	45	1
47	46	5
47	48	4
47	49	4
47	50	3
47	51	4
47	52	3
47	53	4
47	54	1
47	55	2
47	57	1
47	58	2
47	59	4
47	60	1
47	61	4
47	62	2
47	63	2
47	65	1
47	66	1
47	67	6
48	0	3
48	1	1
48	2	3
48	3	1
48	4	3
48	5	1
48	6	4
48	7	2
48	8	3
48	9	5
48	10	7
48	11	2
48	12	2
48	13	1
48	14	4
48	15	4
48	16	4
48	17	6
48	18	4
48	19	3
48	21	6
48	22	4
48	24	1
48	25	4
48	26	2
48	27	1
48	28	3
48	29	5
48	30	8
48	32	1
48	33	7
48	35	6
48	36	2
48	37	3
48	38	3
48	40	4
48	41	1
48	42	8
48	43	2
48	44	3
48	45	2
48	46	5
48	47	4
48	49	2
48	50	3
48	51	4
48	52	2
48	53	7
48	54	1
48	55	4
48	56	6
48	57	3
48	58	2
48	59	3
48	60	1
48	61	4
48	62	4
48	63	7
48	64	2
48	65	1
48	66	1
48	67	6
49	0	1
49	1	1
49	2	2
49	3	1
49	4	1
49	5	1
49	6	3
49	7	1
49	8	3
49	9	2
49	10	2
49	11	2
49	12	1
49	14	2
49	15	2
49	16	5
49	17	7
49	18	3
49	19	4
49	20	1
49	21	2
49	22	2
49	23	2
49	24	1
49	25	3
49	26	1
49	27	3
49	28	1
49	29	5
49	30	5
49	32	2
49	33	4
49	34	1
49	35	5
49	36	1
49	37	1
49	38	4
49	39	1
49	40	3
49	41	2
49	42	11
49	43	1
49	44	2
49	46	4
49	47	4
49	48	2
49	50	3
49	51	2
49	52	3
49	53	4
49	54	1
49	55	2
49	57	3
49	58	2
49	59	3
49	60	2
49	61	4
49	62	2
49	63	4
49	65	1
49	66	2
49	67	7
50	0	2
50	1	1
50	2	1
50	4	1
50	6	2
50	7	1
50	8	1
50	9	2
50	10	3
50	11	1
50	12	1
50	14	2
50	15	2
50	16	1
50	17	5
50	18	2
50	19	2
50	21	3
50	22	2
50	24	1
50	25	3
50	26	1
50	27	1
50	28	1
50	29	3
50	30	3
50	33	4
50	34	1
50	35	4
50	36	1
50	37	1
50	38	3
50	40	1
50	41	1
50	42	5
50	43	1
50	44	2
50	46	2
50	47	3
50	48	3
50	49	3
50	51	1
50	52	1
50	53	3
50	54	1
50	55	2
50	56	1
50	57	1
50	58	1
50	59	2
50	61	2
50	62	2
50	63	1
50	64	1
50	65	1
50	66	1
50	67	4
51	0	2
51	4	2
51	5	1
51	6	3
51	7	1
51	8	1
51	9	3
51	10	3
51	11	2
51	14	4
51	15	2
51	17	8
51	18	5
51	19	3
51	20	1
51	21	4
51	22	2
51	23	1
51	24	1
51	25	6
51	27	5
51	28	1
51	29	10
51	30	6
51	32	1
51	33	5
51	34	1
51	35	6
51	36	1
51	37	3
51	38	5
51	40	7
51	41	2
51	42	9
51	43	2
51	44	3
51	45	1
51	46	4
51	47	4
51	48	4
51	49	2
51	50	1
51	52	6
51	53	6
51	55	2
51	56	1
51	57	2
51	58	2
51	59	3
51	60	3
51	61	5
51	62	4
51	63	5
51	64	1
51	66	1
51	67	6
52	0	1
52	2	1
52	3	1
52	4	1
52	6	2
52	7	1
52	8	3
52	9	1
52	10	2
52	11	4
52	12	2
52	13	2
52	14	3
52	15	6
52	17	8
52	18	2
52	19	2
52	21	4
52	22	4
52	23	1
52	25	5
52	26	2
52	27	2
52	28	1
52	29	9
52	30	6
52	32	2
52	33	4
52	34	3
52	35	5
52	36	1
52	37	2
52	38	4
52	40	6
52	41	5
52	42	11
52	43	2
52	44	6
52	45	1
52	46	5
52	47	3
52	48	2
52	49	3
52	50	1
52	51	6
52	53	4
52	55	1
52	56	2
52	57	4
52	58	3
52	59	2
52	60	7
52	61	8
52	62	4
52	63	4
52	64	3
52	66	4
52	67	3
53	0	2
53	1	3
53	2	4
53	3	2
53	4	4
53	5	1
53	6	6
53	7	1
53	8	6
53	9	5
53	10	4
53	11	3
53	12	3
53	13	3
53	14	6
53	15	6
53	16	3
53	17	9
53	18	4
53	19	5
53	20	2
53	21	7
53	22	6
53	24	1
53	25	11
53	26	6
53	27	3
53	28	3
53	29	8
53	30	12
53	31	1
53	32	2
53	33	10
53	34	1
53	35	10
53	36	2
53	37	8
53	38	7
53	39	1
53	40	5
53	41	3
53	42	15
53	43	6
53	44	6
53	45	4
53	46	6
53	47	4
53	48	7
53	49	4
53	50	3
53	51	6
53	52	4
53	54	2
53	55	4
53	56	2
53	57	3
53	58	4
53	59	3
53	60	2
53	61	5
53	62	4
53	63	9
53	64	4
53	65	2
53	66	3
53	67	6
54	0	1
54	1	1
54	2	1
54	4	1
54	8	1
54	9	1
54	10	1
54	11	1
54	14	1
54	15	1
54	16	1
54	17	1
54	19	1
54	21	1
54	25	1
54	28	1
54	29	1
54	30	1
54	33	1
54	35	1
54	36	1
54	37	1
54	38	1
54	40	1
54	41	1
54	46	1
54	47	1
54	48	1
54	49	1
54	50	1
54	53	2
54	55	2
54	58	1
54	59	1
54	61	1
54	62	1
54	65	2
54	66	1
54	67	1
55	0	1
55	1	1
55	2	1
55	4	2
55	6	1
55	8	2
55	9	3
55	10	3
55	11	1
55	14	1
55	15	4
55	16	1
55	17	4
55	18	3
55	19	3
55	21	3
55	22	2
55	24	1
55	25	4
55	27	1
55	28	1
55	29	3
55	30	3
55	33	4
55	35	6
55	36	2
55	37	3
55	38	3
55	40	1
55	41	2
55	42	4
55	43	2
55	44	1
55	46	3
55	47	2
55	48	4
55	49	2
55	50	2
55	51	2
55	52	1
55	53	4
55	54	2
55	57	1
55	58	2
55	59	3
55	61	4
55	62	1
55	63	2
55	65	2
55	66	1
55	67	3
56	0	2
56	2	1
56	3	1
56	6	3
56	7	1
56	8	1
56	9	1
56	10	2
56	11	1
56	13	1
56	14	1
56	15	3
56	16	1
56	17	3
56	18	1
56	19	1
56	21	3
56	22	2
56	25	1
56	26	2
56	28	1
56	29	3
56	30	1
56	32	1
56	33	3
56	35	2
56	37	1
56	38	1
56	40	1
56	42	4
56	44	2
56	45	1
56	46	2
56	48	6
56	50	1
56	51	1
56	52	2
56	53	2
56	57	3
56	58	1
56	60	1
56	61	1
56	62	1
56	63	3
56	64	2
56	67	1
57	0	2
57	4	2
57	6	2
57	7	1
57	8	3
57	9	2
57	10	4
57	11	2
57	14	1
57	15	8
57	16	2
57	17	3
57	18	1
57	19	2
57	20	1
57	21	5
57	22	1
57	23	1
57	25	2
57	26	2
57	27	2
57	28	1
57	29	5
57	30	3
57	32	1
57	33	5
57	34	1
57	35	3
57	36	1
57	37	1
57	38	3
57	40	2
57	41	2
57	42	7
57	43	1
57	44	3
57	46	3
57	47	1
57	48	3
57	49	3
57	50	1
57	51	2
57	52	4
57	53	3
57	55	1
57	56	3
57	58	3
57	60	3
57	61	3
57	62	1
57	63	1
57	64	2
57	66	1
57	67	2
58	0	1
58	1	2
58	2	1
58	3	1
58	4	3
58	8	5
58	9	3
58	10	3
58	11	4
58	12	1
58	13	1
58	14	2
58	15	5
58	16	5
58	17	5
58	18	2
58	19	2
58	21	3
58	22	3
58	23	2
58	25	5
58	26	3
58	27	2
58	28	1
58	29	4
58	30	4
58	32	2
58	33	5
58	35	6
58	36	3
58	37	1
58	38	4
58	39	1
58	40	4
58	41	3
58	42	3
58	43	3
58	44	3
58	46	4
58	47	2
58	48	2
58	49	2
58	50	1
58	51	2
58	52	3
58	53	4
58	54	1
58	55	2
58	56	1
58	57	3
58	59	2
58	60	3
58	61	4
58	62	3
58	63	2
58	64	3
58	65	1
58	66	2
58	67	4
59	0	1
59	1	1
59	2	1
59	4	1
59	5	1
59	6	2
59	8	3
59	9	3
59	10	1
59	11	2
59	14	4
59	15	4
59	16	1
59	17	4
59	18	2
59	19	3
59	21	4
59	22	3
59	23	2
59	24	1
59	25	3
59	26	1
59	27	2
59	28	1
59	29	4
59	30	3
59	32	1
59	33	5
59	35	3
59	36	2
59	37	1
59	38	3
59	40	3
59	41	1
59	42	7
59	43	1
59	44	1
59	45	1
59	46	6
59	47	4
59	48	3
59	49	3
59	50	2
59	51	3
59	52	2
59	53	3
59	54	1
59	55	3
59	58	2
59	60	1
59	61	5
59	62	4
59	63	2
59	64	1
59	65	1
59	66	1
59	67	4
60	0	1
60	4	1
60	6	1
60	7	1
60	8	1
60	10	2
60	11	3
60	12	1
60	13	1
60	14	3
60	15	5
60	17	5
60	18	1
60	19	1
60	21	3
60	22	2
60	23	1
60	25	4
60	26	1
60	27	3
60	28	1
60	29	4
60	30	4
60	32	1
60	33	2
60	34	3
60	35	3
60	37	2
60	38	3
60	40	6
60	41	4
60	42	6
60	43	1
60	44	3
60	46	4
60	47	1
60	48	1
60	49	2
60	51	3
60	52	7
60	53	2
60	56	1
60	57	3
60	58	3
60	59	1
60	61	7
60	62	4
60	63	3
60	64	3
60	66	4
60	67	1
61	0	2
61	1	1
61	2	1
61	4	2
61	6	2
61	7	1
61	8	3
61	9	3
61	10	4
61	11	4
61	12	1
61	13	1
61	14	5
61	15	6
61	16	1
61	17	10
61	18	3
61	19	6
61	21	6
61	22	3
61	23	3
61	24	1
61	25	8
61	26	1
61	27	3
61	28	2
61	29	8
61	30	7
61	32	1
61	33	5
61	34	3
61	35	8
61	36	2
61	37	3
61	38	6
61	40	7
61	41	6
61	42	9
61	43	3
61	44	5
61	46	7
61	47	4
61	48	4
61	49	4
61	50	2
61	51	5
61	52	8
61	53	5
61	54	1
61	55	4
61	56	1
61	57	3
61	58	4
61	59	5
61	60	7
61	62	5
61	63	6
61	64	2
61	65	1
61	66	6
61	67	5
62	0	2
62	1	1
62	2	2
62	3	1
62	4	1
62	5	1
62	6	3
62	7	2
62	8	4
62	9	2
62	10	5
62	11	4
62	12	2
62	13	1
62	14	7
62	15	4
62	16	1
62	17	7
62	18	2
62	19	3
62	21	3
62	22	5
62	23	1
62	25	5
62	26	2
62	27	3
62	28	3
62	29	5
62	30	5
62	32	1
62	33	6
62	34	1
62	35	7
62	36	2
62	37	2
62	38	5
62	40	7
62	41	3
62	42	8
62	43	2
62	44	4
62	46	4
62	47	2
62	48	4
62	49	2
62	50	2
62	51	4
62	52	4
62	53	4
62	54	1
62	55	1
62	56	1
62	57	1
62	58	3
62	59	4
62	60	4
62	61	5
62	63	5
62	64	3
62	65	3
62	66	3
62	67	5
63	0	1
63	1	2
63	2	2
63	3	3
63	4	3
63	5	4
63	6	8
63	7	3
63	8	3
63	9	5
63	10	5
63	11	2
63	12	4
63	13	4
63	14	5
63	15	4
63	16	3
63	17	12
63	18	4
63	19	6
63	20	1
63	21	5
63	22	7
63	23	3
63	24	2
63	25	11
63	26	3
63	27	2
63	28	3
63	29	5
63	30	15
63	31	1
63	32	1
63	33	8
63	35	14
63	37	5
63	38	5
63	39	2
63	40	4
63	41	1
63	42	15
63	43	6
63	44	9
63	45	2
63	46	6
63	47	2
63	48	7
63	49	4
63	50	1
63	51	5
63	52	4
63	53	9
63	55	2
63	56	3
63	57	1
63	58	2
63	59	2
63	60	3
63	61	6
63	62	5
63	64	6
63	65	1
63	66	2
63	67	9
64	0	1
64	1	1
64	2	1
64	3	2
64	4	2
64	5	1
64	6	4
64	7	3
64	8	3
64	9	3
64	10	3
64	11	3
64	12	2
64	13	3
64	14	3
64	15	5
64	16	1
64	17	5
64	19	1
64	20	2
64	21	1
64	22	7
64	25	4
64	26	3
64	27	1
64	28	3
64	29	3
64	30	5
64	31	1
64	32	2
64	33	5
64	35	6
64	36	1
64	37	4
64	38	3
64	39	1
64	40	2
64	41	1
64	42	5
64	43	2
64	44	5
64	45	3
64	46	2
64	48	2
64	50	1
64	51	1
64	52	3
64	53	4
64	56	2
64	57	2
64	58	3
64	59	1
64	60	3
64	61	2
64	62	3
64	63	6
64	66	1
64	67	3
65	0	1
65	1	2
65	2	1
65	3	1
65	4	1
65	8	1
65	9	2
65	10	2
65	11	1
65	14	1
65	15	1
65	16	1
65	17	1
65	19	1
65	21	1
65	25	1
65	28	1
65	29	1
65	30	2
65	33	1
65	35	1
65	36	1
65	37	1
65	38	1
65	40	1
65	41	1
65	46	1
65	47	1
65	48	1
65	49	1
65	50	1
65	53	2
65	54	2
65	55	2
65	58	1
65	59	1
65	61	1
65	62	3
65	63	1
65	66	1
65	67	1
66	0	1
66	1	1
66	2	2
66	4	1
66	8	2
66	9	1
66	10	1
66	11	2
66	12	1
66	13	1
66	14	4
66	15	3
66	16	1
66	17	4
66	19	2
66	21	4
66	22	1
66	25	4
66	26	2
66	27	1
66	28	1
66	29	3
66	30	3
66	33	2
66	34	4
66	35	3
66	36	1
66	37	1
66	38	4
66	40	6
66	41	6
66	42	4
66	43	1
66	44	2
66	46	2
66	47	1
66	48	1
66	49	2
66	50	1
66	51	1
66	52	4
66	53	3
66	54	1
66	55	1
66	57	1
66	58	2
66	59	1
66	60	4
66	61	6
66	62	3
66	63	2
66	64	1
66	65	1
66	67	1
67	0	1
67	1	1
67	2	6
67	4	4
67	5	4
67	6	4
67	7	2
67	8	5
67	9	4
67	10	6
67	11	3
67	12	2
67	14	9
67	15	5
67	16	3
67	17	12
67	18	7
67	19	6
67	21	3
67	22	3
67	23	4
67	24	1
67	25	8
67	26	2
67	27	4
67	28	1
67	29	7
67	30	7
67	32	2
67	33	10
67	35	11
67	36	3
67	37	3
67	38	5
67	40	5
67	41	2
67	42	15
67	43	3
67	44	5
67	46	5
67	47	6
67	48	6
67	49	7
67	50	4
67	51	6
67	52	3
67	53	6
67	54	1
67	55	3
67	56	1
67	57	2
67	58	4
67	59	4
67	60	1
67	61	5
67	62	5
67	63	9
67	64	3
67	65	1
67	66	1
