32	0.00953389637969251
33	0.0110174097183496
21	0.0021719091123456
63	0.0143037290841587
90	0.00999624661688145
71	0.0188157332911911
7	0.00481468612948265
102	0.0166033866057274
26	0.00891447522763043
80	0.0141027569576671
99	0.00505495350749113
18	0.00459340667451756
72	0.00930660984987702
16	0.0046640801854448
44	0.00634605530118001
55	0.00970387648410333
27	0.0125003975926803
84	0.00928142312439497
74	0.00679729741994366
57	0.0097387219697448
95	0.00196401845811019
61	0.00507060133991635
108	0.00644628709114473
20	0.00255801593411479
92	0.0133692469631572
109	0.0116352092228075
103	0.0113621777312332
89	0.00987281275547233
10	0.00123528198859778
31	0.0101036651314376
113	0.00602431447449135
35	0.00534204440442969
11	0.0101200047081662
91	0.015460220938689
78	0.0129228632784027
48	0.0144579420621269
107	0.0166719435654408
87	0.0123791062736612
77	0.00972670101312146
93	0.0151975365138908
106	0.00831466997526854
29	0.00414268592743906
65	0.00948048457431707
50	0.00656143466603685
39	0.00845155232135104
64	0.0108229369706087
97	0.0046128878842991
12	0.0121569962250561
41	0.0103764209057532
58	0.00559839037833908
15	0.00581505141482361
52	0.0105733652390203
81	0.000154827939128083
60	0.00562871667747477
56	0.0119827585925841
45	0.0108874406338233
66	0.0106510630239992
73	0.0146474116304639
101	0.0174429047355874
19	0.00301618350582324
76	0.00242152319816316
86	0.0135792716563638
62	0.00607252882509085
54	0.00364523465844744
67	0.00806489977221736
70	0.0100506624577157
68	0.00573280283725738
2	0.0107914167195362
17	0.000926377303207773
1	0.012112524383754
88	0.0062301132296615
30	0.0016931178411651
100	0.0156829967388244
82	0.0019754057419997
110	0.00206595793447961
25	0.00739066251881931
28	0.0104088945636449
40	0.0109646424323078
75	0.00687414375756998
83	0.00475043558998367
14	0.00778239444951661
59	0.00916493557493517
69	0.0213233696940454
112	0.00449981068576309
49	0.0131003449074448
24	0.00232982070747081
104	0.00243256240734251
53	0.0210367671061268
79	0.0130792372561213
42	0.00263228649575451
22	0.00237357546000498
46	0.00800424410776625
0	0.0112510133492302
13	0.00621294405700301
23	0.0105544862316916
96	0.00885455144400933
105	0.011662684286473
6	0.0111541726808502
85	0.00559473029018434
36	0.0023597287809846
3	0.0117291696468598
94	0.0151463893623063
51	0.00807267560208475
9	0.0109607139390874
111	0.010514791756739
47	0.0129112461208624
38	0.0035449202583508
8	0.00544642079560626
4	0.0106586721735212
98	0.0140633452394641
34	0.000231819615494912
37	0.00770139315110379
43	0.0159272618569984
5	0.00475468004648066
