32	0.00515043736039862
33	0.0133279570810979
21	0.00956713177445054
63	0.018822980032113
71	0.0117831774377815
7	0.00539362576293532
26	0.0172205951730967
18	0.00160164534534057
72	0.00418660793412895
16	0.00491215492671666
44	0.017170950644061
55	0.017101687790031
74	0.0110860607098035
27	0.0112061050687904
57	0.0125548438105494
61	0.00525946922550522
20	0.0157709230197506
10	0.00573559734328425
31	0.0156660227083227
35	0.0151783144883115
11	0.0124166594282585
48	0.0184090309264839
77	0.00817654978441911
65	0.0149400137551093
29	0.0188870193797399
50	0.0186412622085565
39	0.0125389794703619
64	0.0106893801637567
12	0.00198333759491526
58	0.00471967544313566
41	0.0145773643566605
15	0.012142263920402
52	0.0237933918239553
60	0.0109277279316756
56	0.0184515664689092
45	0.00912190533429146
66	0.00401239088439911
73	0.0160469601482656
19	0.0121073899252761
76	0.0150070672264329
62	0.0175628900654134
54	0.00965569510844329
67	0.0194223084906407
70	0.0111973337791217
68	0.00792683031653425
2	0.00886177626720919
17	0.00722530361391721
1	0.00619770721405234
30	0.0299806757002184
25	0.0163886963951812
28	0.00740517669250446
75	0.0220659538090216
40	0.0324714032474165
14	0.0125912462542731
69	0.016351200779686
59	0.0157727081754762
49	0.00771458674084753
24	0.00962069224137206
53	0.0215498439575678
22	0.0153199270937249
42	0.0191981134305673
0	0.0286490883997188
46	0.00200256642632039
23	0.012186639602076
13	0.00533223271329071
6	0.0228132180445803
36	0.00241191130401548
3	0.0219028127334788
51	0.0133868965013513
9	0.00634480600022443
47	0.0107665689821486
38	0.0106342927504044
8	0.00678669200056822
4	0.0177274655807111
34	0.0190815873030706
37	0.0109526946483987
43	0.010844293808748
5	0.00740994001623084
