0	1	5
0	2	7
0	3	2
0	4	7
0	5	2
0	6	2
0	7	3
0	8	4
0	9	5
0	10	3
0	11	8
0	13	2
0	14	5
0	15	4
0	16	3
0	17	2
0	18	6
0	19	4
0	20	6
0	21	6
0	22	3
0	23	1
0	24	3
0	25	2
0	26	1
0	27	6
0	28	6
0	29	2
0	30	9
0	31	4
0	32	4
0	33	3
0	34	5
0	35	6
0	36	3
0	37	1
0	38	6
0	39	4
0	40	2
0	41	7
0	42	3
0	43	4
0	44	5
0	45	8
0	46	5
0	47	2
0	48	4
0	49	3
0	50	6
0	51	6
0	52	5
0	53	3
0	54	6
0	55	4
0	56	6
0	58	7
0	59	2
0	60	10
0	61	1
0	62	5
0	63	6
0	64	6
0	65	6
0	66	8
0	67	3
0	68	5
0	69	1
0	70	4
0	71	10
0	72	6
0	73	7
0	74	4
1	0	5
1	2	3
1	3	2
1	4	5
1	5	1
1	6	1
1	7	1
1	8	3
1	9	3
1	10	1
1	11	5
1	13	4
1	14	3
1	15	2
1	16	1
1	17	1
1	18	6
1	19	2
1	20	4
1	21	5
1	22	2
1	24	1
1	25	2
1	27	3
1	28	5
1	29	2
1	30	4
1	31	3
1	32	6
1	33	2
1	34	4
1	35	5
1	36	2
1	38	1
1	39	3
1	40	1
1	41	3
1	42	2
1	44	2
1	45	5
1	46	4
1	47	3
1	48	3
1	49	3
1	50	3
1	51	4
1	52	1
1	53	2
1	54	3
1	55	3
1	56	4
1	57	1
1	58	3
1	59	1
1	60	5
1	61	1
1	62	2
1	63	4
1	64	3
1	65	5
1	66	3
1	67	2
1	68	2
1	69	1
1	70	1
1	71	2
1	72	5
1	73	5
1	74	2
2	0	7
2	1	3
2	3	2
2	4	6
2	5	2
2	6	2
2	7	2
2	8	2
2	9	7
2	10	3
2	11	6
2	13	1
2	14	3
2	15	1
2	16	2
2	17	3
2	18	2
2	19	2
2	20	4
2	21	4
2	22	2
2	23	1
2	24	1
2	25	3
2	27	7
2	28	4
2	30	2
2	31	4
2	32	3
2	34	4
2	35	5
2	36	1
2	38	9
2	39	4
2	40	1
2	41	6
2	42	4
2	43	3
2	44	2
2	45	3
2	46	7
2	47	3
2	48	2
2	49	3
2	50	4
2	51	3
2	52	4
2	53	2
2	54	6
2	55	3
2	56	3
2	57	1
2	58	6
2	59	1
2	60	10
2	61	2
2	62	2
2	63	7
2	64	7
2	65	3
2	66	4
2	67	5
2	68	4
2	69	1
2	70	4
2	71	7
2	72	4
2	73	6
2	74	4
3	0	2
3	1	2
3	2	2
3	4	3
3	5	2
3	6	1
3	7	2
3	8	5
3	9	2
3	10	3
3	11	3
3	14	3
3	15	1
3	16	2
3	17	2
3	18	3
3	19	1
3	20	4
3	21	3
3	22	5
3	23	1
3	24	2
3	25	2
3	26	1
3	27	3
3	28	3
3	29	1
3	30	1
3	31	4
3	32	2
3	33	2
3	34	4
3	35	1
3	36	2
3	38	3
3	39	3
3	40	1
3	41	4
3	42	3
3	43	1
3	45	4
3	46	2
3	47	1
3	48	1
3	49	1
3	50	4
3	51	2
3	52	1
3	53	2
3	54	3
3	55	1
3	56	4
3	57	1
3	58	7
3	59	1
3	60	7
3	61	2
3	62	2
3	63	1
3	64	3
3	65	2
3	66	4
3	67	3
3	68	3
3	71	3
3	72	3
3	73	3
3	74	4
4	0	7
4	1	5
4	2	6
4	3	3
4	7	1
4	8	3
4	9	1
4	10	1
4	11	5
4	13	3
4	14	5
4	15	2
4	16	1
4	17	1
4	18	5
4	19	2
4	20	4
4	21	5
4	22	2
4	23	1
4	24	2
4	25	2
4	26	2
4	27	3
4	28	5
4	29	1
4	30	8
4	31	5
4	32	2
4	33	3
4	34	4
4	35	6
4	36	2
4	38	4
4	39	2
4	41	4
4	42	3
4	43	1
4	44	1
4	45	8
4	46	5
4	47	3
4	48	1
4	49	4
4	50	5
4	51	5
4	52	3
4	53	1
4	54	6
4	55	3
4	56	6
4	58	6
4	59	1
4	60	15
4	61	1
4	62	3
4	63	3
4	64	3
4	65	8
4	66	5
4	67	2
4	68	4
4	69	1
4	70	4
4	71	6
4	72	5
4	73	5
4	74	1
5	0	2
5	1	1
5	2	2
5	3	2
5	6	1
5	7	1
5	8	1
5	9	2
5	10	4
5	11	2
5	13	2
5	14	2
5	15	2
5	16	1
5	17	1
5	18	3
5	20	3
5	21	3
5	22	2
5	23	1
5	24	1
5	25	1
5	26	1
5	27	4
5	28	5
5	30	1
5	31	2
5	32	4
5	34	4
5	35	2
5	38	4
5	39	4
5	40	2
5	41	3
5	42	2
5	43	2
5	44	2
5	45	1
5	46	2
5	48	2
5	49	1
5	50	2
5	51	1
5	52	2
5	53	1
5	54	5
5	55	3
5	56	1
5	58	5
5	59	1
5	60	4
5	61	1
5	62	1
5	63	4
5	64	4
5	66	2
5	67	3
5	68	3
5	69	1
5	70	2
5	71	4
5	72	2
5	73	2
5	74	4
6	0	2
6	1	1
6	2	2
6	3	1
6	5	1
6	7	2
6	8	1
6	9	2
6	10	1
6	11	1
6	13	1
6	16	1
6	17	1
6	18	2
6	19	1
6	20	1
6	22	1
6	25	1
6	27	1
6	28	2
6	31	1
6	32	2
6	33	1
6	34	2
6	38	2
6	39	1
6	40	1
6	41	1
6	42	1
6	50	2
6	52	1
6	53	1
6	54	1
6	58	3
6	59	1
6	60	1
6	61	2
6	63	1
6	64	1
6	66	1
6	68	1
6	71	1
6	72	2
6	74	2
7	0	3
7	1	1
7	2	2
7	3	2
7	4	1
7	5	1
7	6	2
7	8	2
7	9	3
7	10	2
7	11	1
7	13	3
7	16	2
7	17	3
7	18	2
7	19	3
7	20	3
7	21	2
7	22	3
7	24	1
7	25	1
7	27	2
7	28	3
7	29	3
7	30	1
7	31	2
7	32	2
7	34	2
7	37	1
7	38	3
7	39	2
7	40	1
7	41	2
7	42	2
7	44	1
7	45	2
7	47	3
7	48	4
7	49	2
7	50	2
7	52	2
7	53	1
7	54	1
7	55	1
7	58	3
7	59	1
7	60	2
7	61	1
7	62	3
7	63	3
7	64	2
7	66	2
7	70	1
7	71	2
7	72	2
7	73	3
7	74	5
8	0	4
8	1	3
8	2	2
8	3	5
8	4	3
8	5	1
8	6	1
8	7	2
8	9	2
8	10	2
8	11	4
8	13	1
8	14	4
8	15	1
8	16	2
8	17	2
8	18	4
8	19	1
8	20	4
8	21	3
8	22	4
8	23	1
8	24	2
8	25	2
8	27	4
8	28	5
8	29	1
8	30	2
8	31	3
8	32	2
8	33	3
8	34	3
8	35	3
8	36	2
8	38	3
8	39	2
8	40	1
8	41	4
8	42	2
8	43	1
8	44	1
8	45	4
8	46	3
8	47	1
8	48	4
8	49	2
8	50	3
8	51	3
8	52	1
8	53	3
8	54	2
8	56	5
8	58	4
8	59	1
8	60	6
8	61	2
8	62	2
8	63	4
8	64	4
8	65	4
8	66	5
8	68	4
8	70	1
8	71	3
8	72	3
8	73	4
8	74	2
9	0	5
9	1	3
9	2	7
9	3	2
9	4	1
9	5	2
9	6	2
9	7	3
9	8	2
9	10	4
9	11	5
9	13	2
9	14	3
9	15	1
9	16	2
9	17	3
9	18	5
9	19	2
9	20	3
9	21	5
9	22	2
9	24	1
9	25	1
9	27	6
9	28	4
9	29	1
9	30	3
9	31	2
9	32	5
9	34	3
9	35	2
9	36	1
9	37	1
9	38	5
9	39	4
9	40	1
9	41	6
9	42	4
9	43	2
9	44	1
9	45	2
9	46	1
9	47	3
9	48	2
9	49	1
9	50	3
9	52	4
9	53	1
9	54	3
9	55	3
9	56	3
9	58	5
9	59	1
9	60	3
9	61	1
9	62	2
9	63	3
9	64	6
9	65	2
9	66	5
9	67	2
9	68	3
9	70	1
9	71	5
9	72	3
9	73	2
9	74	4
10	0	3
10	1	1
10	2	3
10	3	3
10	4	1
10	5	4
10	6	1
10	7	2
10	8	2
10	9	4
10	11	2
10	13	3
10	14	3
10	16	1
10	17	4
10	18	4
10	19	1
10	20	4
10	21	6
10	22	4
10	23	1
10	24	5
10	25	1
10	27	9
10	28	4
10	29	1
10	30	4
10	31	1
10	32	5
10	33	2
10	34	7
10	35	6
10	37	1
10	38	5
10	39	5
10	40	1
10	41	5
10	42	4
10	43	3
10	44	3
10	45	3
10	46	2
10	47	1
10	48	2
10	49	1
10	50	5
10	51	2
10	52	3
10	53	1
10	54	6
10	55	2
10	56	2
10	58	6
10	59	1
10	60	9
10	61	2
10	62	2
10	63	3
10	64	9
10	65	1
10	66	4
10	67	2
10	68	3
10	70	3
10	71	6
10	72	4
10	73	5
10	74	6
11	0	8
11	1	5
11	2	6
11	3	3
11	4	5
11	5	2
11	6	1
11	7	1
11	8	4
11	9	5
11	10	2
11	13	3
11	14	8
11	15	3
11	16	2
11	17	1
11	18	7
11	19	1
11	20	6
11	21	6
11	22	3
11	24	1
11	25	2
11	27	7
11	28	4
11	29	1
11	30	4
11	31	3
11	32	4
11	33	2
11	34	4
11	35	4
11	36	3
11	38	3
11	39	4
11	40	1
11	41	4
11	42	4
11	44	4
11	45	5
11	46	7
11	47	3
11	48	2
11	49	3
11	50	4
11	51	3
11	52	3
11	53	3
11	54	4
11	55	4
11	56	7
11	57	1
11	58	5
11	59	2
11	60	6
11	61	1
11	62	3
11	63	7
11	64	7
11	65	4
11	66	7
11	67	2
11	68	5
11	69	2
11	70	2
11	71	4
11	72	4
11	73	6
11	74	2
12	35	1
12	71	1
12	73	1
13	0	2
13	1	4
13	2	1
13	4	3
13	5	2
13	6	1
13	7	3
13	8	1
13	9	2
13	10	3
13	11	3
13	14	3
13	15	1
13	18	7
13	19	3
13	20	2
13	21	7
13	22	2
13	24	4
13	27	4
13	28	5
13	29	3
13	30	4
13	31	3
13	32	5
13	33	1
13	34	5
13	35	5
13	36	1
13	37	1
13	38	3
13	39	4
13	41	2
13	42	3
13	43	1
13	44	4
13	45	5
13	46	4
13	47	4
13	48	4
13	49	3
13	50	3
13	51	1
13	52	3
13	54	5
13	55	3
13	56	4
13	57	1
13	58	7
13	60	8
13	61	1
13	62	4
13	63	7
13	64	4
13	65	3
13	66	2
13	67	1
13	68	3
13	69	2
13	70	3
13	71	5
13	72	5
13	73	7
13	74	5
14	0	5
14	1	3
14	2	3
14	3	3
14	4	5
14	5	2
14	8	4
14	9	3
14	10	3
14	11	8
14	13	3
14	15	3
14	18	6
14	19	2
14	20	6
14	21	8
14	22	3
14	23	2
14	24	3
14	25	1
14	27	5
14	28	4
14	29	1
14	30	4
14	31	4
14	32	4
14	33	4
14	34	4
14	35	5
14	36	4
14	38	4
14	39	4
14	41	5
14	42	5
14	43	1
14	44	2
14	45	4
14	46	4
14	47	4
14	48	4
14	49	5
14	50	3
14	51	3
14	52	3
14	53	2
14	54	5
14	55	1
14	56	5
14	57	1
14	58	8
14	60	9
14	61	1
14	62	5
14	63	4
14	64	5
14	65	5
14	66	7
14	67	3
14	68	6
14	70	1
14	71	9
14	72	3
14	73	5
14	74	3
15	0	4
15	1	2
15	2	1
15	3	1
15	4	2
15	5	2
15	8	1
15	9	1
15	11	3
15	13	1
15	14	3
15	18	3
15	20	1
15	21	3
15	22	1
15	23	2
15	24	1
15	25	1
15	26	2
15	27	3
15	28	6
15	29	1
15	30	1
15	31	2
15	32	3
15	33	1
15	34	2
15	35	3
15	36	2
15	38	2
15	39	3
15	40	1
15	41	2
15	42	3
15	43	1
15	44	1
15	45	1
15	46	1
15	47	1
15	48	1
15	49	3
15	51	3
15	52	2
15	53	1
15	54	3
15	55	2
15	56	1
15	58	4
15	59	1
15	60	3
15	62	1
15	63	3
15	64	3
15	65	1
15	66	1
15	67	5
15	68	2
15	70	1
15	71	3
15	72	1
15	73	1
15	74	2
16	0	3
16	1	1
16	2	2
16	3	2
16	4	1
16	5	1
16	6	1
16	7	2
16	8	2
16	9	2
16	10	1
16	11	2
16	17	2
16	18	1
16	20	2
16	22	2
16	25	1
16	27	1
16	28	2
16	30	1
16	31	1
16	32	1
16	34	1
16	38	2
16	39	1
16	40	1
16	41	1
16	45	1
16	46	1
16	48	1
16	50	1
16	52	1
16	53	1
16	54	1
16	55	2
16	56	2
16	58	1
16	59	1
16	60	2
16	61	1
16	62	1
16	63	2
16	64	1
16	65	1
16	66	2
16	68	1
16	69	1
16	70	1
16	71	1
16	72	1
16	74	1
17	0	2
17	1	1
17	2	3
17	3	2
17	4	1
17	5	1
17	6	1
17	7	3
17	8	2
17	9	3
17	10	4
17	11	1
17	16	2
17	18	1
17	20	4
17	21	2
17	22	2
17	24	1
17	25	1
17	27	4
17	28	3
17	30	2
17	31	1
17	32	2
17	34	1
17	35	3
17	38	4
17	39	1
17	40	1
17	41	2
17	43	1
17	44	1
17	45	2
17	48	2
17	49	1
17	50	1
17	51	1
17	53	1
17	56	1
17	58	2
17	59	1
17	60	4
17	61	1
17	62	1
17	63	2
17	64	4
17	66	1
17	70	2
17	71	1
17	72	2
17	73	1
17	74	1
18	0	6
18	1	6
18	2	2
18	3	3
18	4	5
18	5	3
18	6	2
18	7	2
18	8	4
18	9	5
18	10	4
18	11	7
18	13	7
18	14	6
18	15	3
18	16	1
18	17	1
18	19	2
18	20	5
18	21	9
18	22	4
18	23	2
18	24	4
18	25	2
18	26	1
18	27	7
18	28	7
18	29	2
18	30	5
18	31	4
18	32	7
18	33	3
18	34	7
18	35	5
18	36	3
18	37	1
18	38	5
18	39	7
18	40	2
18	41	7
18	42	6
18	43	3
18	44	4
18	45	7
18	46	5
18	47	4
18	48	3
18	49	5
18	50	7
18	51	3
18	52	4
18	53	2
18	54	6
18	55	5
18	56	9
18	57	1
18	58	8
18	59	1
18	60	8
18	61	3
18	62	4
18	63	7
18	64	7
18	65	5
18	66	6
18	67	3
18	68	5
18	69	1
18	70	4
18	71	7
18	72	8
18	73	7
18	74	5
19	0	4
19	1	2
19	2	2
19	3	1
19	4	2
19	6	1
19	7	3
19	8	1
19	9	2
19	10	1
19	11	1
19	13	3
19	14	2
19	18	2
19	20	3
19	21	3
19	22	1
19	23	2
19	24	2
19	27	3
19	28	2
19	29	2
19	30	5
19	31	4
19	32	1
19	33	2
19	34	2
19	35	2
19	36	2
19	37	1
19	38	1
19	39	1
19	41	2
19	42	3
19	44	3
19	45	3
19	46	3
19	47	4
19	48	3
19	49	2
19	50	4
19	51	1
19	52	2
19	54	2
19	55	1
19	56	1
19	57	1
19	58	5
19	60	4
19	62	3
19	63	2
19	64	3
19	65	1
19	66	3
19	67	3
19	68	3
19	70	2
19	71	4
19	72	3
19	73	4
19	74	4
20	0	6
20	1	4
20	2	4
20	3	4
20	4	4
20	5	3
20	6	1
20	7	3
20	8	4
20	9	3
20	10	4
20	11	6
20	13	2
20	14	6
20	15	1
20	16	2
20	17	4
20	18	5
20	19	3
20	21	7
20	22	3
20	23	1
20	24	4
20	25	2
20	27	6
20	28	5
20	29	1
20	30	6
20	31	5
20	32	4
20	33	4
20	34	5
20	35	5
20	36	3
20	37	1
20	38	5
20	39	4
20	40	1
20	41	5
20	42	4
20	43	2
20	44	4
20	45	4
20	46	4
20	47	3
20	48	3
20	49	4
20	50	5
20	51	2
20	53	2
20	54	3
20	55	1
20	56	4
20	57	1
20	58	5
20	59	1
20	60	8
20	61	1
20	62	4
20	63	2
20	64	6
20	65	2
20	66	4
20	67	3
20	68	6
20	70	2
20	71	3
20	72	7
20	73	6
20	74	4
21	0	6
21	1	5
21	2	4
21	3	3
21	4	5
21	5	3
21	7	2
21	8	3
21	9	5
21	10	6
21	11	6
21	13	7
21	14	8
21	15	3
21	17	2
21	18	9
21	19	3
21	20	7
21	22	5
21	24	4
21	25	1
21	27	8
21	28	10
21	29	3
21	30	8
21	31	3
21	32	6
21	33	2
21	34	7
21	35	8
21	36	3
21	37	1
21	38	6
21	39	8
21	41	6
21	42	5
21	43	5
21	44	4
21	45	5
21	46	6
21	47	5
21	48	6
21	49	7
21	50	4
21	51	3
21	52	5
21	53	1
21	54	8
21	55	3
21	56	8
21	58	10
21	60	11
21	62	6
21	63	7
21	64	8
21	65	4
21	66	5
21	67	3
21	68	4
21	70	5
21	71	7
21	72	10
21	73	9
21	74	4
22	0	3
22	1	2
22	2	2
22	3	5
22	4	2
22	5	2
22	6	1
22	7	3
22	8	4
22	9	2
22	10	4
22	11	3
22	13	2
22	14	3
22	15	1
22	16	2
22	17	2
22	18	4
22	19	1
22	20	3
22	21	5
22	23	1
22	24	3
22	25	2
22	27	3
22	28	6
22	29	2
22	30	3
22	31	1
22	32	4
22	33	2
22	34	6
22	35	2
22	36	1
22	37	1
22	38	3
22	39	3
22	40	1
22	41	4
22	42	3
22	43	1
22	44	1
22	45	5
22	46	1
22	47	1
22	48	3
22	49	3
22	50	4
22	51	2
22	52	2
22	53	2
22	54	4
22	55	1
22	56	4
22	57	1
22	58	6
22	59	1
22	60	7
22	61	2
22	62	5
22	63	3
22	64	3
22	65	2
22	66	4
22	67	1
22	68	1
22	70	1
22	71	5
22	72	4
22	73	5
22	74	3
23	0	1
23	2	1
23	3	1
23	4	1
23	5	1
23	8	1
23	10	1
23	14	2
23	15	2
23	18	2
23	19	2
23	20	1
23	22	1
23	24	2
23	26	2
23	27	4
23	28	2
23	30	1
23	31	2
23	33	2
23	34	1
23	35	1
23	36	2
23	38	3
23	40	1
23	41	2
23	42	2
23	43	2
23	44	2
23	45	1
23	46	1
23	47	1
23	48	2
23	49	2
23	50	1
23	51	2
23	52	1
23	54	2
23	55	1
23	56	1
23	57	1
23	58	3
23	60	2
23	61	1
23	62	1
23	63	2
23	64	4
23	65	1
23	66	1
23	67	4
23	68	2
23	70	1
23	71	3
23	73	2
23	74	4
24	0	3
24	1	1
24	2	1
24	3	2
24	4	2
24	5	1
24	7	1
24	8	2
24	9	1
24	10	5
24	11	1
24	13	4
24	14	3
24	15	1
24	17	1
24	18	4
24	19	2
24	20	4
24	21	4
24	22	3
24	23	2
24	25	1
24	27	5
24	28	2
24	29	2
24	30	4
24	31	2
24	32	3
24	33	3
24	34	4
24	35	3
24	36	2
24	37	1
24	38	3
24	39	3
24	41	4
24	42	5
24	43	3
24	44	4
24	45	3
24	46	2
24	47	2
24	48	1
24	49	3
24	50	3
24	51	2
24	52	2
24	53	1
24	54	4
24	55	1
24	56	3
24	57	1
24	58	5
24	60	6
24	61	1
24	62	2
24	64	5
24	65	3
24	66	3
24	67	1
24	68	4
24	69	1
24	70	3
24	71	4
24	72	5
24	73	5
24	74	3
25	0	2
25	1	2
25	2	3
25	3	2
25	4	2
25	5	1
25	6	1
25	7	1
25	8	2
25	9	1
25	10	1
25	11	2
25	14	1
25	15	1
25	16	1
25	17	1
25	18	2
25	20	2
25	21	1
25	22	2
25	24	1
25	27	1
25	28	2
25	29	1
25	30	1
25	32	2
25	33	1
25	34	2
25	35	1
25	36	2
25	38	1
25	39	3
25	40	1
25	41	2
25	42	2
25	43	1
25	45	1
25	46	1
25	49	1
25	50	1
25	51	1
25	53	2
25	56	1
25	58	1
25	59	1
25	60	2
25	61	1
25	63	1
25	64	1
25	65	2
25	66	2
25	72	2
25	73	1
25	74	1
26	0	1
26	3	1
26	4	2
26	5	1
26	15	2
26	18	1
26	23	2
26	27	2
26	28	3
26	29	1
26	30	1
26	31	2
26	35	1
26	36	1
26	37	1
26	38	2
26	39	1
26	40	1
26	41	1
26	45	2
26	47	1
26	48	2
26	49	2
26	51	3
26	52	1
26	54	1
26	55	2
26	56	1
26	58	3
26	59	1
26	60	2
26	62	1
26	63	1
26	64	2
26	66	1
26	67	3
26	68	1
26	69	1
26	70	2
26	71	2
26	74	2
27	0	6
27	1	3
27	2	7
27	3	3
27	4	3
27	5	4
27	6	1
27	7	2
27	8	4
27	9	6
27	10	9
27	11	7
27	13	4
27	14	5
27	15	3
27	16	1
27	17	4
27	18	7
27	19	3
27	20	6
27	21	8
27	22	3
27	23	4
27	24	5
27	25	1
27	26	2
27	28	6
27	29	1
27	30	7
27	31	5
27	32	6
27	33	2
27	34	7
27	35	7
27	36	3
27	37	1
27	38	7
27	39	7
27	40	3
27	41	6
27	42	6
27	43	5
27	44	5
27	45	4
27	46	6
27	47	3
27	48	5
27	49	4
27	50	5
27	51	4
27	52	5
27	53	2
27	54	8
27	55	6
27	56	5
27	57	1
27	58	9
27	59	2
27	60	12
27	61	2
27	62	3
27	63	6
27	64	41
27	65	3
27	66	6
27	67	5
27	68	8
27	70	7
27	71	10
27	72	6
27	73	8
27	74	7
28	0	6
28	1	5
28	2	4
28	3	3
28	4	5
28	5	5
28	6	2
28	7	3
28	8	5
28	9	4
28	10	4
28	11	4
28	13	5
28	14	4
28	15	6
28	16	2
28	17	3
28	18	7
28	19	2
28	20	5
28	21	10
28	22	6
28	23	2
28	24	2
28	25	2
28	26	3
28	27	6
28	29	1
28	30	6
28	31	7
28	32	7
28	33	2
28	34	6
28	35	8
28	36	3
28	38	6
28	39	5
28	40	3
28	41	4
28	42	4
28	43	3
28	44	3
28	45	5
28	46	4
28	47	2
28	48	7
28	49	6
28	50	2
28	51	4
28	52	5
28	53	2
28	54	7
28	55	3
28	56	4
28	58	11
28	59	2
28	60	9
28	61	1
28	62	5
28	63	8
28	64	6
28	65	4
28	66	4
28	67	5
28	68	4
28	70	3
28	71	9
28	72	7
28	73	5
28	74	5
29	0	2
29	1	2
29	3	1
29	4	1
29	7	3
29	8	1
29	9	1
29	10	1
29	11	1
29	13	3
29	14	1
29	15	1
29	18	2
29	19	2
29	20	1
29	21	3
29	22	2
29	24	2
29	25	1
29	26	1
29	27	1
29	28	1
29	30	2
29	32	2
29	33	1
29	34	2
29	35	1
29	36	1
29	37	4
29	38	1
29	39	2
29	41	2
29	42	2
29	44	1
29	45	3
29	46	1
29	47	4
29	48	2
29	49	2
29	50	1
29	51	4
29	52	1
29	53	1
29	54	3
29	55	2
29	56	3
29	58	3
29	60	3
29	62	2
29	63	2
29	64	1
29	65	1
29	66	2
29	67	1
29	69	1
29	70	1
29	71	1
29	72	3
29	73	5
29	74	3
30	0	9
30	1	4
30	2	2
30	3	1
30	4	8
30	5	1
30	7	1
30	8	2
30	9	3
30	10	4
30	11	4
30	13	4
30	14	4
30	15	1
30	16	1
30	17	2
30	18	5
30	19	5
30	20	6
30	21	8
30	22	3
30	23	1
30	24	4
30	25	1
30	26	1
30	27	7
30	28	6
30	29	2
30	31	3
30	32	5
30	33	3
30	34	6
30	35	7
30	36	3
30	37	1
30	38	3
30	39	2
30	41	7
30	42	3
30	43	2
30	44	5
30	45	9
30	46	3
30	47	3
30	48	4
30	49	5
30	50	6
30	51	3
30	52	2
30	53	1
30	54	4
30	55	3
30	56	3
30	57	1
30	58	6
30	59	1
30	60	9
30	62	6
30	63	5
30	64	7
30	65	3
30	66	5
30	67	2
30	68	2
30	70	3
30	71	7
30	72	6
30	73	8
30	74	2
31	0	4
31	1	3
31	2	4
31	3	4
31	4	5
31	5	2
31	6	1
31	7	2
31	8	3
31	9	2
31	10	1
31	11	3
31	13	3
31	14	4
31	15	2
31	16	1
31	17	1
31	18	4
31	19	4
31	20	5
31	21	3
31	22	1
31	23	2
31	24	2
31	26	2
31	27	5
31	28	7
31	30	3
31	32	3
31	33	2
31	34	2
31	35	6
31	36	2
31	38	5
31	39	2
31	40	1
31	41	2
31	42	4
31	43	1
31	44	3
31	45	4
31	46	3
31	47	3
31	48	5
31	49	4
31	50	2
31	51	3
31	52	4
31	53	1
31	54	5
31	55	1
31	56	3
31	57	1
31	58	8
31	60	9
31	62	4
31	63	4
31	64	5
31	65	2
31	66	2
31	67	4
31	68	5
31	70	3
31	71	8
31	72	3
31	73	4
31	74	3
32	0	4
32	1	6
32	2	3
32	3	2
32	4	2
32	5	4
32	6	2
32	7	2
32	8	2
32	9	5
32	10	5
32	11	4
32	13	5
32	14	4
32	15	3
32	16	1
32	17	2
32	18	7
32	19	1
32	20	4
32	21	6
32	22	4
32	24	3
32	25	2
32	27	6
32	28	7
32	29	2
32	30	5
32	31	3
32	33	1
32	34	6
32	35	5
32	36	1
32	37	1
32	38	5
32	39	7
32	40	1
32	41	3
32	42	5
32	43	2
32	44	3
32	45	3
32	46	2
32	47	2
32	48	2
32	49	2
32	50	6
32	51	2
32	52	3
32	53	2
32	54	5
32	55	2
32	56	3
32	58	8
32	59	1
32	60	7
32	61	2
32	62	5
32	63	6
32	64	6
32	65	3
32	66	3
32	67	2
32	68	3
32	70	2
32	71	6
32	72	6
32	73	3
32	74	4
33	0	3
33	1	2
33	3	2
33	4	3
33	6	1
33	8	3
33	10	2
33	11	2
33	13	1
33	14	4
33	15	1
33	18	3
33	19	2
33	20	4
33	21	2
33	22	2
33	23	2
33	24	3
33	25	1
33	27	2
33	28	2
33	29	1
33	30	3
33	31	2
33	32	1
33	34	2
33	35	4
33	36	2
33	39	2
33	41	3
33	42	3
33	43	1
33	44	2
33	45	4
33	46	2
33	47	3
33	48	2
33	49	6
33	50	2
33	51	3
33	53	1
33	54	2
33	56	3
33	57	1
33	58	5
33	60	7
33	61	1
33	62	2
33	63	1
33	64	2
33	65	3
33	66	3
33	67	1
33	68	4
33	71	3
33	72	4
33	73	3
33	74	1
34	0	5
34	1	4
34	2	4
34	3	4
34	4	4
34	5	4
34	6	2
34	7	2
34	8	3
34	9	3
34	10	7
34	11	4
34	13	5
34	14	4
34	15	2
34	16	1
34	17	1
34	18	7
34	19	2
34	20	5
34	21	7
34	22	6
34	23	1
34	24	4
34	25	2
34	27	7
34	28	6
34	29	2
34	30	6
34	31	2
34	32	6
34	33	2
34	35	5
34	36	2
34	37	1
34	38	5
34	39	5
34	40	1
34	41	7
34	42	5
34	43	2
34	44	2
34	45	6
34	46	4
34	47	1
34	48	2
34	49	2
34	50	6
34	51	3
34	52	2
34	53	2
34	54	8
34	55	5
34	56	4
34	58	10
34	59	2
34	60	10
34	61	3
34	62	4
34	63	4
34	64	7
34	65	4
34	66	6
34	67	4
34	68	4
34	70	3
34	71	6
34	72	8
34	73	8
34	74	5
35	0	6
35	1	5
35	2	5
35	3	1
35	4	6
35	5	2
35	8	3
35	9	2
35	10	6
35	11	4
35	12	1
35	13	5
35	14	5
35	15	3
35	17	3
35	18	5
35	19	2
35	20	5
35	21	8
35	22	2
35	23	1
35	24	3
35	25	1
35	26	1
35	27	7
35	28	8
35	29	1
35	30	7
35	31	6
35	32	5
35	33	4
35	34	5
35	36	4
35	38	5
35	39	3
35	41	3
35	42	3
35	43	2
35	44	4
35	45	5
35	46	5
35	47	2
35	48	4
35	49	5
35	50	2
35	51	7
35	52	3
35	53	2
35	54	6
35	55	2
35	56	5
35	58	6
35	60	13
35	62	2
35	63	5
35	64	7
35	65	4
35	66	3
35	67	3
35	68	4
35	70	4
35	71	8
35	72	8
35	73	8
35	74	2
36	0	3
36	1	2
36	2	1
36	3	2
36	4	2
36	8	2
36	9	1
36	11	3
36	13	1
36	14	4
36	15	2
36	18	3
36	19	2
36	20	3
36	21	3
36	22	1
36	23	2
36	24	2
36	25	2
36	26	1
36	27	3
36	28	3
36	29	1
36	30	3
36	31	2
36	32	1
36	33	2
36	34	2
36	35	4
36	38	2
36	39	1
36	41	1
36	42	2
36	44	1
36	45	2
36	46	3
36	47	4
36	48	2
36	49	2
36	50	1
36	51	3
36	52	1
36	53	2
36	54	2
36	55	1
36	56	4
36	57	1
36	58	3
36	60	4
36	62	1
36	63	2
36	64	3
36	65	3
36	66	2
36	67	3
36	68	3
36	70	2
36	71	3
36	72	3
36	73	3
36	74	2
37	0	1
37	7	1
37	9	1
37	10	1
37	13	1
37	18	1
37	19	1
37	20	1
37	21	1
37	22	1
37	24	1
37	26	1
37	27	1
37	29	4
37	30	1
37	32	1
37	34	1
37	38	1
37	39	1
37	41	1
37	42	1
37	44	1
37	45	2
37	47	3
37	50	1
37	51	1
37	52	1
37	54	1
37	55	1
37	56	1
37	58	1
37	60	1
37	62	1
37	64	1
37	66	1
37	67	1
37	68	1
37	69	1
37	70	1
37	71	1
37	72	1
37	73	1
37	74	1
38	0	6
38	1	1
38	2	9
38	3	3
38	4	4
38	5	4
38	6	2
38	7	3
38	8	3
38	9	5
38	10	5
38	11	3
38	13	3
38	14	4
38	15	2
38	16	2
38	17	4
38	18	5
38	19	1
38	20	5
38	21	6
38	22	3
38	23	3
38	24	3
38	25	1
38	26	2
38	27	7
38	28	6
38	29	1
38	30	3
38	31	5
38	32	5
38	34	5
38	35	5
38	36	2
38	37	1
38	39	5
38	40	2
38	41	7
38	42	3
38	43	3
38	44	5
38	45	3
38	46	4
38	47	2
38	48	3
38	49	2
38	50	5
38	51	3
38	52	3
38	53	2
38	54	5
38	55	3
38	56	3
38	58	5
38	59	1
38	60	10
38	61	2
38	62	5
38	63	5
38	64	7
38	65	1
38	66	7
38	67	4
38	68	3
38	70	6
38	71	5
38	72	5
38	73	7
38	74	7
39	0	4
39	1	3
39	2	4
39	3	3
39	4	2
39	5	4
39	6	1
39	7	2
39	8	2
39	9	4
39	10	5
39	11	4
39	13	4
39	14	4
39	15	3
39	16	1
39	17	1
39	18	7
39	19	1
39	20	4
39	21	8
39	22	3
39	24	3
39	25	3
39	26	1
39	27	7
39	28	5
39	29	2
39	30	2
39	31	2
39	32	7
39	33	2
39	34	5
39	35	3
39	36	1
39	37	1
39	38	5
39	40	1
39	41	4
39	42	8
39	43	4
39	44	3
39	45	2
39	46	3
39	47	2
39	48	1
39	49	3
39	50	3
39	51	4
39	52	2
39	53	2
39	54	5
39	55	5
39	56	2
39	58	7
39	59	1
39	60	8
39	61	1
39	62	2
39	63	4
39	64	7
39	65	2
39	66	5
39	67	4
39	68	5
39	70	3
39	71	4
39	72	6
39	73	4
39	74	5
40	0	2
40	1	1
40	2	1
40	3	1
40	5	2
40	6	1
40	7	1
40	8	1
40	9	1
40	10	1
40	11	1
40	15	1
40	16	1
40	17	1
40	18	2
40	20	1
40	22	1
40	23	1
40	25	1
40	26	1
40	27	3
40	28	3
40	31	1
40	32	1
40	34	1
40	38	2
40	39	1
40	41	3
40	43	1
40	48	1
40	49	1
40	50	1
40	52	1
40	53	1
40	54	1
40	55	1
40	58	1
40	59	1
40	61	1
40	63	2
40	64	3
40	66	1
40	67	1
40	68	1
40	70	1
40	71	1
40	72	1
40	74	2
41	0	7
41	1	3
41	2	6
41	3	4
41	4	4
41	5	3
41	6	1
41	7	2
41	8	4
41	9	6
41	10	5
41	11	4
41	13	2
41	14	5
41	15	2
41	16	1
41	17	2
41	18	7
41	19	2
41	20	5
41	21	6
41	22	4
41	23	2
41	24	4
41	25	2
41	26	1
41	27	6
41	28	4
41	29	2
41	30	7
41	31	2
41	32	3
41	33	3
41	34	7
41	35	3
41	36	1
41	37	1
41	38	7
41	39	4
41	40	3
41	42	4
41	43	3
41	44	4
41	45	4
41	46	3
41	47	2
41	48	3
41	49	4
41	50	6
41	51	3
41	52	3
41	53	2
41	54	4
41	55	5
41	56	4
41	58	7
41	59	1
41	60	7
41	61	2
41	62	3
41	63	3
41	64	6
41	65	5
41	66	8
41	67	3
41	68	4
41	70	3
41	71	8
41	72	5
41	73	6
41	74	5
42	0	3
42	1	2
42	2	4
42	3	3
42	4	3
42	5	2
42	6	1
42	7	2
42	8	2
42	9	4
42	10	4
42	11	4
42	13	3
42	14	5
42	15	3
42	18	6
42	19	3
42	20	4
42	21	5
42	22	3
42	23	2
42	24	5
42	25	2
42	27	6
42	28	4
42	29	2
42	30	3
42	31	4
42	32	5
42	33	3
42	34	5
42	35	3
42	36	2
42	37	1
42	38	3
42	39	8
42	41	4
42	43	5
42	44	3
42	45	3
42	46	3
42	47	3
42	48	1
42	49	3
42	50	3
42	51	2
42	52	3
42	53	1
42	54	5
42	55	2
42	56	3
42	57	1
42	58	8
42	60	8
42	61	1
42	62	4
42	63	4
42	64	6
42	65	3
42	66	5
42	67	3
42	68	5
42	70	3
42	71	6
42	72	5
42	73	5
42	74	6
43	0	4
43	2	3
43	3	1
43	4	1
43	5	2
43	8	1
43	9	2
43	10	3
43	13	1
43	14	1
43	15	1
43	17	1
43	18	3
43	20	2
43	21	5
43	22	1
43	23	2
43	24	3
43	25	1
43	27	5
43	28	3
43	30	2
43	31	1
43	32	2
43	33	1
43	34	2
43	35	2
43	38	3
43	39	4
43	40	1
43	41	3
43	42	5
43	44	4
43	45	1
43	46	1
43	48	1
43	49	1
43	50	1
43	51	2
43	52	2
43	54	3
43	55	3
43	56	3
43	58	3
43	60	5
43	61	1
43	62	1
43	63	2
43	64	5
43	65	3
43	66	3
43	67	2
43	68	6
43	70	2
43	71	6
43	72	2
43	73	4
43	74	3
44	0	5
44	1	2
44	2	2
44	4	1
44	5	2
44	7	1
44	8	1
44	9	1
44	10	3
44	11	4
44	13	4
44	14	2
44	15	1
44	17	1
44	18	4
44	19	3
44	20	4
44	21	4
44	22	1
44	23	2
44	24	4
44	27	5
44	28	3
44	29	1
44	30	5
44	31	3
44	32	3
44	33	2
44	34	2
44	35	4
44	36	1
44	37	1
44	38	5
44	39	3
44	41	4
44	42	3
44	43	4
44	45	4
44	46	3
44	47	3
44	48	2
44	49	3
44	50	2
44	51	2
44	52	1
44	54	3
44	55	3
44	56	3
44	57	2
44	58	5
44	60	7
44	62	3
44	63	4
44	64	5
44	65	2
44	66	2
44	67	3
44	68	4
44	69	2
44	70	3
44	71	6
44	72	4
44	73	8
44	74	4
45	0	8
45	1	5
45	2	3
45	3	4
45	4	8
45	5	1
45	7	2
45	8	4
45	9	2
45	10	3
45	11	5
45	13	5
45	14	4
45	15	1
45	16	1
45	17	2
45	18	7
45	19	3
45	20	4
45	21	5
45	22	5
45	23	1
45	24	3
45	25	1
45	26	2
45	27	4
45	28	5
45	29	3
45	30	9
45	31	4
45	32	3
45	33	4
45	34	6
45	35	5
45	36	2
45	37	2
45	38	3
45	39	2
45	41	4
45	42	3
45	43	1
45	44	4
45	46	4
45	47	4
45	48	3
45	49	3
45	50	5
45	51	5
45	52	2
45	53	1
45	54	5
45	55	3
45	56	7
45	57	1
45	58	7
45	60	9
45	61	1
45	62	6
45	63	4
45	64	4
45	65	4
45	66	4
45	67	2
45	68	3
45	69	2
45	70	2
45	71	6
45	72	5
45	73	8
45	74	2
46	0	5
46	1	4
46	2	7
46	3	2
46	4	5
46	5	2
46	8	3
46	9	1
46	10	2
46	11	7
46	13	4
46	14	4
46	15	1
46	16	1
46	18	5
46	19	3
46	20	4
46	21	6
46	22	1
46	23	1
46	24	2
46	25	1
46	27	6
46	28	4
46	29	1
46	30	3
46	31	3
46	32	2
46	33	2
46	34	4
46	35	5
46	36	3
46	38	4
46	39	3
46	41	3
46	42	3
46	43	1
46	44	3
46	45	4
46	47	2
46	48	2
46	49	2
46	50	2
46	51	3
46	52	2
46	53	2
46	54	5
46	55	5
46	56	7
46	57	1
46	58	5
46	60	8
46	62	2
46	63	4
46	64	6
46	65	6
46	66	5
46	67	1
46	68	6
46	69	2
46	70	6
46	71	4
46	72	4
46	73	7
46	74	2
47	0	2
47	1	3
47	2	3
47	3	1
47	4	3
47	7	3
47	8	1
47	9	3
47	10	1
47	11	3
47	13	4
47	14	4
47	15	1
47	18	4
47	19	4
47	20	3
47	21	5
47	22	1
47	23	1
47	24	2
47	26	1
47	27	3
47	28	2
47	29	4
47	30	3
47	31	3
47	32	2
47	33	3
47	34	1
47	35	2
47	36	4
47	37	3
47	38	2
47	39	2
47	41	2
47	42	3
47	44	3
47	45	4
47	46	2
47	48	3
47	49	7
47	50	3
47	51	2
47	52	2
47	54	2
47	55	2
47	56	4
47	57	2
47	58	7
47	59	1
47	60	5
47	62	5
47	63	3
47	64	3
47	65	1
47	66	2
47	67	4
47	68	5
47	69	1
47	70	2
47	71	4
47	72	3
47	73	3
47	74	3
48	0	4
48	1	3
48	2	2
48	3	1
48	4	1
48	5	2
48	7	4
48	8	4
48	9	2
48	10	2
48	11	2
48	13	4
48	14	4
48	15	1
48	16	1
48	17	2
48	18	3
48	19	3
48	20	3
48	21	6
48	22	3
48	23	2
48	24	1
48	26	2
48	27	5
48	28	7
48	29	2
48	30	4
48	31	5
48	32	2
48	33	2
48	34	2
48	35	4
48	36	2
48	38	3
48	39	1
48	40	1
48	41	3
48	42	1
48	43	1
48	44	2
48	45	3
48	46	2
48	47	3
48	49	4
48	50	1
48	51	4
48	52	4
48	53	1
48	54	4
48	55	3
48	56	3
48	57	1
48	58	9
48	60	7
48	62	8
48	63	8
48	64	5
48	65	3
48	66	4
48	67	3
48	68	5
48	70	3
48	71	7
48	72	2
48	73	5
48	74	3
49	0	3
49	1	3
49	2	3
49	3	1
49	4	4
49	5	1
49	7	2
49	8	2
49	9	1
49	10	1
49	11	3
49	13	3
49	14	5
49	15	3
49	17	1
49	18	5
49	19	2
49	20	4
49	21	7
49	22	3
49	23	2
49	24	3
49	25	1
49	26	2
49	27	4
49	28	6
49	29	2
49	30	5
49	31	4
49	32	2
49	33	6
49	34	2
49	35	5
49	36	2
49	38	2
49	39	3
49	40	1
49	41	4
49	42	3
49	43	1
49	44	3
49	45	3
49	46	2
49	47	7
49	48	4
49	50	1
49	51	2
49	52	2
49	53	1
49	54	2
49	55	1
49	56	2
49	57	2
49	58	8
49	59	1
49	60	6
49	62	4
49	63	4
49	64	4
49	65	3
49	66	3
49	67	3
49	68	5
49	70	2
49	71	6
49	72	5
49	73	4
49	74	2
50	0	6
50	1	3
50	2	4
50	3	4
50	4	5
50	5	2
50	6	2
50	7	2
50	8	3
50	9	3
50	10	5
50	11	4
50	13	3
50	14	3
50	16	1
50	17	1
50	18	7
50	19	4
50	20	5
50	21	4
50	22	4
50	23	1
50	24	3
50	25	1
50	27	5
50	28	2
50	29	1
50	30	6
50	31	2
50	32	6
50	33	2
50	34	6
50	35	2
50	36	1
50	37	1
50	38	5
50	39	3
50	40	1
50	41	6
50	42	3
50	43	1
50	44	2
50	45	5
50	46	2
50	47	3
50	48	1
50	49	1
50	51	3
50	52	2
50	53	1
50	54	5
50	55	2
50	56	3
50	58	6
50	59	1
50	60	10
50	61	3
50	62	5
50	63	4
50	64	5
50	65	3
50	66	5
50	67	3
50	68	4
50	70	1
50	71	3
50	72	7
50	73	5
50	74	6
51	0	6
51	1	4
51	2	3
51	3	2
51	4	5
51	5	1
51	8	3
51	10	2
51	11	3
51	13	1
51	14	3
51	15	3
51	17	1
51	18	3
51	19	1
51	20	2
51	21	3
51	22	2
51	23	2
51	24	2
51	25	1
51	26	3
51	27	4
51	28	4
51	29	4
51	30	3
51	31	3
51	32	2
51	33	3
51	34	3
51	35	7
51	36	3
51	37	1
51	38	3
51	39	4
51	41	3
51	42	2
51	43	2
51	44	2
51	45	5
51	46	3
51	47	2
51	48	4
51	49	2
51	50	3
51	52	2
51	53	2
51	54	7
51	55	6
51	56	6
51	57	2
51	58	6
51	60	13
51	61	1
51	62	1
51	63	3
51	64	4
51	65	4
51	66	4
51	67	4
51	68	4
51	69	2
51	70	3
51	71	4
51	72	5
51	73	6
51	74	2
52	0	5
52	1	1
52	2	4
52	3	1
52	4	3
52	5	2
52	6	1
52	7	2
52	8	1
52	9	4
52	10	3
52	11	3
52	13	3
52	14	3
52	15	2
52	16	1
52	18	4
52	19	2
52	21	5
52	22	2
52	23	1
52	24	2
52	26	1
52	27	5
52	28	5
52	29	1
52	30	2
52	31	4
52	32	3
52	34	2
52	35	3
52	36	1
52	37	1
52	38	3
52	39	2
52	40	1
52	41	3
52	42	3
52	43	2
52	44	1
52	45	2
52	46	2
52	47	2
52	48	4
52	49	2
52	50	2
52	51	2
52	53	1
52	54	8
52	55	5
52	56	4
52	58	6
52	60	7
52	61	1
52	62	3
52	63	5
52	64	5
52	65	5
52	66	5
52	67	2
52	68	4
52	69	1
52	70	5
52	71	9
52	72	2
52	73	2
52	74	4
53	0	3
53	1	2
53	2	2
53	3	2
53	4	1
53	5	1
53	6	1
53	7	1
53	8	3
53	9	1
53	10	1
53	11	3
53	14	2
53	15	1
53	16	1
53	17	1
53	18	2
53	20	2
53	21	1
53	22	2
53	24	1
53	25	2
53	27	2
53	28	2
53	29	1
53	30	1
53	31	1
53	32	2
53	33	1
53	34	2
53	35	2
53	36	2
53	38	2
53	39	2
53	40	1
53	41	2
53	42	1
53	45	1
53	46	2
53	48	1
53	49	1
53	50	1
53	51	2
53	52	1
53	54	1
53	56	2
53	58	1
53	59	1
53	60	3
53	61	1
53	63	2
53	64	2
53	65	2
53	66	3
53	68	1
53	70	1
53	71	1
53	72	2
53	73	2
53	74	1
54	0	6
54	1	3
54	2	6
54	3	3
54	4	6
54	5	5
54	6	1
54	7	1
54	8	2
54	9	3
54	10	6
54	11	4
54	13	5
54	14	5
54	15	3
54	16	1
54	18	6
54	19	2
54	20	3
54	21	8
54	22	4
54	23	2
54	24	4
54	26	1
54	27	8
54	28	7
54	29	3
54	30	4
54	31	5
54	32	5
54	33	2
54	34	8
54	35	6
54	36	2
54	37	1
54	38	5
54	39	5
54	40	1
54	41	4
54	42	5
54	43	3
54	44	3
54	45	5
54	46	5
54	47	2
54	48	4
54	49	2
54	50	5
54	51	7
54	52	8
54	53	1
54	55	7
54	56	6
54	58	12
54	60	16
54	61	1
54	62	4
54	63	7
54	64	8
54	65	5
54	66	5
54	67	7
54	68	7
54	69	1
54	70	7
54	71	9
54	72	8
54	73	10
54	74	5
55	0	4
55	1	3
55	2	3
55	3	1
55	4	3
55	5	3
55	7	1
55	9	3
55	10	2
55	11	4
55	13	3
55	14	1
55	15	2
55	16	2
55	18	5
55	19	1
55	20	1
55	21	3
55	22	1
55	23	1
55	24	1
55	26	2
55	27	6
55	28	3
55	29	2
55	30	3
55	31	1
55	32	2
55	34	5
55	35	2
55	36	1
55	37	1
55	38	3
55	39	5
55	40	1
55	41	5
55	42	2
55	43	3
55	44	3
55	45	3
55	46	5
55	47	2
55	48	3
55	49	1
55	50	2
55	51	6
55	52	5
55	54	7
55	56	5
55	57	1
55	58	6
55	60	7
55	62	2
55	63	4
55	64	6
55	65	4
55	66	6
55	67	3
55	68	5
55	69	2
55	70	6
55	71	7
55	72	3
55	73	4
55	74	3
56	0	6
56	1	4
56	2	3
56	3	4
56	4	6
56	5	1
56	8	5
56	9	3
56	10	2
56	11	7
56	13	4
56	14	5
56	15	1
56	16	2
56	17	1
56	18	9
56	19	1
56	20	4
56	21	8
56	22	4
56	23	1
56	24	3
56	25	1
56	26	1
56	27	5
56	28	4
56	29	3
56	30	3
56	31	3
56	32	3
56	33	3
56	34	4
56	35	5
56	36	4
56	37	1
56	38	3
56	39	2
56	41	4
56	42	3
56	43	3
56	44	3
56	45	7
56	46	7
56	47	4
56	48	3
56	49	2
56	50	3
56	51	6
56	52	4
56	53	2
56	54	6
56	55	5
56	57	2
56	58	5
56	59	1
56	60	8
56	61	1
56	62	2
56	63	5
56	64	5
56	65	8
56	66	6
56	67	1
56	68	6
56	69	3
56	70	4
56	71	7
56	72	5
56	73	8
56	74	2
57	1	1
57	2	1
57	3	1
57	11	1
57	13	1
57	14	1
57	18	1
57	19	1
57	20	1
57	22	1
57	23	1
57	24	1
57	27	1
57	30	1
57	31	1
57	33	1
57	36	1
57	42	1
57	44	2
57	45	1
57	46	1
57	47	2
57	48	1
57	49	2
57	51	2
57	55	1
57	56	2
57	58	1
57	60	2
57	62	1
57	63	1
57	64	1
57	67	1
57	68	1
57	69	1
57	71	2
57	73	1
58	0	7
58	1	3
58	2	6
58	3	7
58	4	6
58	5	5
58	6	3
58	7	3
58	8	4
58	9	5
58	10	6
58	11	5
58	13	7
58	14	8
58	15	4
58	16	1
58	17	2
58	18	8
58	19	5
58	20	5
58	21	10
58	22	6
58	23	3
58	24	5
58	25	1
58	26	3
58	27	9
58	28	11
58	29	3
58	30	6
58	31	8
58	32	8
58	33	5
58	34	10
58	35	6
58	36	3
58	37	1
58	38	5
58	39	7
58	40	1
58	41	7
58	42	8
58	43	3
58	44	5
58	45	7
58	46	5
58	47	7
58	48	9
58	49	8
58	50	6
58	51	6
58	52	6
58	53	1
58	54	12
58	55	6
58	56	5
58	57	1
58	60	16
58	61	2
58	62	10
58	63	10
58	64	9
58	65	6
58	66	7
58	67	8
58	68	12
58	69	1
58	70	5
58	71	19
58	72	7
58	73	8
58	74	8
59	0	2
59	1	1
59	2	1
59	3	1
59	4	1
59	5	1
59	6	1
59	7	1
59	8	1
59	9	1
59	10	1
59	11	2
59	15	1
59	16	1
59	17	1
59	18	1
59	20	1
59	22	1
59	25	1
59	26	1
59	27	2
59	28	2
59	30	1
59	32	1
59	34	2
59	38	1
59	39	1
59	40	1
59	41	1
59	47	1
59	49	1
59	50	1
59	53	1
59	56	1
59	61	1
59	63	1
59	64	2
59	66	1
59	72	1
59	74	1
60	0	10
60	1	5
60	2	10
60	3	7
60	4	15
60	5	4
60	6	1
60	7	2
60	8	6
60	9	3
60	10	9
60	11	6
60	13	8
60	14	9
60	15	3
60	16	2
60	17	4
60	18	8
60	19	4
60	20	8
60	21	11
60	22	7
60	23	2
60	24	6
60	25	2
60	26	2
60	27	12
60	28	9
60	29	3
60	30	9
60	31	9
60	32	7
60	33	7
60	34	10
60	35	13
60	36	4
60	37	1
60	38	10
60	39	8
60	41	7
60	42	8
60	43	5
60	44	7
60	45	9
60	46	8
60	47	5
60	48	7
60	49	6
60	50	10
60	51	13
60	52	7
60	53	3
60	54	16
60	55	7
60	56	8
60	57	2
60	58	16
60	61	3
60	62	9
60	63	8
60	64	12
60	65	10
60	66	10
60	67	8
60	68	10
60	69	1
60	70	9
60	71	16
60	72	14
60	73	14
60	74	6
61	0	1
61	1	1
61	2	2
61	3	2
61	4	1
61	5	1
61	6	2
61	7	1
61	8	2
61	9	1
61	10	2
61	11	1
61	13	1
61	14	1
61	16	1
61	17	1
61	18	3
61	20	1
61	22	2
61	23	1
61	24	1
61	25	1
61	27	2
61	28	1
61	32	2
61	33	1
61	34	3
61	38	2
61	39	1
61	40	1
61	41	2
61	42	1
61	43	1
61	45	1
61	50	3
61	51	1
61	52	1
61	53	1
61	54	1
61	56	1
61	58	2
61	59	1
61	60	3
61	63	1
61	64	2
61	65	1
61	66	2
61	68	1
61	71	2
61	72	2
61	73	1
61	74	3
62	0	5
62	1	2
62	2	2
62	3	2
62	4	3
62	5	1
62	7	3
62	8	2
62	9	2
62	10	2
62	11	3
62	13	4
62	14	5
62	15	1
62	16	1
62	17	1
62	18	4
62	19	3
62	20	4
62	21	6
62	22	5
62	23	1
62	24	2
62	26	1
62	27	3
62	28	5
62	29	2
62	30	6
62	31	4
62	32	5
62	33	2
62	34	4
62	35	2
62	36	1
62	37	1
62	38	5
62	39	2
62	41	3
62	42	4
62	43	1
62	44	3
62	45	6
62	46	2
62	47	5
62	48	8
62	49	4
62	50	5
62	51	1
62	52	3
62	54	4
62	55	2
62	56	2
62	57	1
62	58	10
62	60	9
62	63	7
62	64	3
62	65	2
62	66	7
62	67	2
62	68	3
62	70	2
62	71	12
62	72	8
62	73	5
62	74	3
63	0	6
63	1	4
63	2	7
63	3	1
63	4	3
63	5	4
63	6	1
63	7	3
63	8	4
63	9	3
63	10	3
63	11	7
63	13	7
63	14	4
63	15	3
63	16	2
63	17	2
63	18	7
63	19	2
63	20	2
63	21	7
63	22	3
63	23	2
63	25	1
63	26	1
63	27	6
63	28	8
63	29	2
63	30	5
63	31	4
63	32	6
63	33	1
63	34	4
63	35	5
63	36	2
63	38	5
63	39	4
63	40	2
63	41	3
63	42	4
63	43	2
63	44	4
63	45	4
63	46	4
63	47	3
63	48	8
63	49	4
63	50	4
63	51	3
63	52	5
63	53	2
63	54	7
63	55	4
63	56	5
63	57	1
63	58	10
63	59	1
63	60	8
63	61	1
63	62	7
63	64	6
63	65	4
63	66	4
63	67	5
63	68	5
63	69	2
63	70	4
63	71	8
63	72	3
63	73	7
63	74	7
64	0	6
64	1	3
64	2	7
64	3	3
64	4	3
64	5	4
64	6	1
64	7	2
64	8	4
64	9	6
64	10	9
64	11	7
64	13	4
64	14	5
64	15	3
64	16	1
64	17	4
64	18	7
64	19	3
64	20	6
64	21	8
64	22	3
64	23	4
64	24	5
64	25	1
64	26	2
64	27	41
64	28	6
64	29	1
64	30	7
64	31	5
64	32	6
64	33	2
64	34	7
64	35	7
64	36	3
64	37	1
64	38	7
64	39	7
64	40	3
64	41	6
64	42	6
64	43	5
64	44	5
64	45	4
64	46	6
64	47	3
64	48	5
64	49	4
64	50	5
64	51	4
64	52	5
64	53	2
64	54	8
64	55	6
64	56	5
64	57	1
64	58	9
64	59	2
64	60	12
64	61	2
64	62	3
64	63	6
64	65	3
64	66	6
64	67	5
64	68	8
64	70	7
64	71	10
64	72	6
64	73	8
64	74	7
65	0	6
65	1	5
65	2	3
65	3	2
65	4	8
65	8	4
65	9	2
65	10	1
65	11	4
65	13	3
65	14	5
65	15	1
65	16	1
65	18	5
65	19	1
65	20	2
65	21	4
65	22	2
65	23	1
65	24	3
65	25	2
65	27	3
65	28	4
65	29	1
65	30	3
65	31	2
65	32	3
65	33	3
65	34	4
65	35	4
65	36	3
65	38	1
65	39	2
65	41	5
65	42	3
65	43	3
65	44	2
65	45	4
65	46	6
65	47	1
65	48	3
65	49	3
65	50	3
65	51	4
65	52	5
65	53	2
65	54	5
65	55	4
65	56	8
65	58	6
65	60	10
65	61	1
65	62	2
65	63	4
65	64	3
65	66	7
65	68	7
65	69	2
65	70	4
65	71	7
65	72	4
65	73	5
65	74	1
66	0	8
66	1	3
66	2	4
66	3	4
66	4	5
66	5	2
66	6	1
66	7	2
66	8	5
66	9	5
66	10	4
66	11	7
66	13	2
66	14	7
66	15	1
66	16	2
66	17	1
66	18	6
66	19	3
66	20	4
66	21	5
66	22	4
66	23	1
66	24	3
66	25	2
66	26	1
66	27	6
66	28	4
66	29	2
66	30	5
66	31	2
66	32	3
66	33	3
66	34	6
66	35	3
66	36	2
66	37	1
66	38	7
66	39	5
66	40	1
66	41	8
66	42	5
66	43	3
66	44	2
66	45	4
66	46	5
66	47	2
66	48	4
66	49	3
66	50	5
66	51	4
66	52	5
66	53	3
66	54	5
66	55	6
66	56	6
66	58	7
66	59	1
66	60	10
66	61	2
66	62	7
66	63	4
66	64	6
66	65	7
66	67	1
66	68	7
66	69	1
66	70	4
66	71	10
66	72	7
66	73	6
66	74	4
67	0	3
67	1	2
67	2	5
67	3	3
67	4	2
67	5	3
67	9	2
67	10	2
67	11	2
67	13	1
67	14	3
67	15	5
67	18	3
67	19	3
67	20	3
67	21	3
67	22	1
67	23	4
67	24	1
67	26	3
67	27	5
67	28	5
67	29	1
67	30	2
67	31	4
67	32	2
67	33	1
67	34	4
67	35	3
67	36	3
67	37	1
67	38	4
67	39	4
67	40	1
67	41	3
67	42	3
67	43	2
67	44	3
67	45	2
67	46	1
67	47	4
67	48	3
67	49	3
67	50	3
67	51	4
67	52	2
67	54	7
67	55	3
67	56	1
67	57	1
67	58	8
67	60	8
67	62	2
67	63	5
67	64	5
67	66	1
67	68	5
67	69	1
67	70	1
67	71	5
67	72	3
67	73	4
67	74	5
68	0	5
68	1	2
68	2	4
68	3	3
68	4	4
68	5	3
68	6	1
68	8	4
68	9	3
68	10	3
68	11	5
68	13	3
68	14	6
68	15	2
68	16	1
68	18	5
68	19	3
68	20	6
68	21	4
68	22	1
68	23	2
68	24	4
68	26	1
68	27	8
68	28	4
68	30	2
68	31	5
68	32	3
68	33	4
68	34	4
68	35	4
68	36	3
68	37	1
68	38	3
68	39	5
68	40	1
68	41	4
68	42	5
68	43	6
68	44	4
68	45	3
68	46	6
68	47	5
68	48	5
68	49	5
68	50	4
68	51	4
68	52	4
68	53	1
68	54	7
68	55	5
68	56	6
68	57	1
68	58	12
68	60	10
68	61	1
68	62	3
68	63	5
68	64	8
68	65	7
68	66	7
68	67	5
68	69	1
68	70	4
68	71	10
68	72	2
68	73	5
68	74	4
69	0	1
69	1	1
69	2	1
69	4	1
69	5	1
69	11	2
69	13	2
69	16	1
69	18	1
69	24	1
69	26	1
69	29	1
69	37	1
69	44	2
69	45	2
69	46	2
69	47	1
69	51	2
69	52	1
69	54	1
69	55	2
69	56	3
69	57	1
69	58	1
69	60	1
69	63	2
69	65	2
69	66	1
69	67	1
69	68	1
69	70	1
69	71	1
69	73	1
70	0	4
70	1	1
70	2	4
70	4	4
70	5	2
70	7	1
70	8	1
70	9	1
70	10	3
70	11	2
70	13	3
70	14	1
70	15	1
70	16	1
70	17	2
70	18	4
70	19	2
70	20	2
70	21	5
70	22	1
70	23	1
70	24	3
70	26	2
70	27	7
70	28	3
70	29	1
70	30	3
70	31	3
70	32	2
70	34	3
70	35	4
70	36	2
70	37	1
70	38	6
70	39	3
70	40	1
70	41	3
70	42	3
70	43	2
70	44	3
70	45	2
70	46	6
70	47	2
70	48	3
70	49	2
70	50	1
70	51	3
70	52	5
70	53	1
70	54	7
70	55	6
70	56	4
70	58	5
70	60	9
70	62	2
70	63	4
70	64	7
70	65	4
70	66	4
70	67	1
70	68	4
70	69	1
70	71	5
70	72	5
70	73	5
70	74	4
71	0	10
71	1	2
71	2	7
71	3	3
71	4	6
71	5	4
71	6	1
71	7	2
71	8	3
71	9	5
71	10	6
71	11	4
71	12	1
71	13	5
71	14	9
71	15	3
71	16	1
71	17	1
71	18	7
71	19	4
71	20	3
71	21	7
71	22	5
71	23	3
71	24	4
71	26	2
71	27	10
71	28	9
71	29	1
71	30	7
71	31	8
71	32	6
71	33	3
71	34	6
71	35	8
71	36	3
71	37	1
71	38	5
71	39	4
71	40	1
71	41	8
71	42	6
71	43	6
71	44	6
71	45	6
71	46	4
71	47	4
71	48	7
71	49	6
71	50	3
71	51	4
71	52	9
71	53	1
71	54	9
71	55	7
71	56	7
71	57	2
71	58	19
71	60	16
71	61	2
71	62	12
71	63	8
71	64	10
71	65	7
71	66	10
71	67	5
71	68	10
71	69	1
71	70	5
71	72	6
71	73	6
71	74	7
72	0	6
72	1	5
72	2	4
72	3	3
72	4	5
72	5	2
72	6	2
72	7	2
72	8	3
72	9	3
72	10	4
72	11	4
72	13	5
72	14	3
72	15	1
72	16	1
72	17	2
72	18	8
72	19	3
72	20	7
72	21	10
72	22	4
72	24	5
72	25	2
72	27	6
72	28	7
72	29	3
72	30	6
72	31	3
72	32	6
72	33	4
72	34	8
72	35	8
72	36	3
72	37	1
72	38	5
72	39	6
72	40	1
72	41	5
72	42	5
72	43	2
72	44	4
72	45	5
72	46	4
72	47	3
72	48	2
72	49	5
72	50	7
72	51	5
72	52	2
72	53	2
72	54	8
72	55	3
72	56	5
72	58	7
72	59	1
72	60	14
72	61	2
72	62	8
72	63	3
72	64	6
72	65	4
72	66	7
72	67	3
72	68	2
72	70	5
72	71	6
72	73	8
72	74	3
73	0	7
73	1	5
73	2	6
73	3	3
73	4	5
73	5	2
73	7	3
73	8	4
73	9	2
73	10	5
73	11	6
73	12	1
73	13	7
73	14	5
73	15	1
73	17	1
73	18	7
73	19	4
73	20	6
73	21	9
73	22	5
73	23	2
73	24	5
73	25	1
73	27	8
73	28	5
73	29	5
73	30	8
73	31	4
73	32	3
73	33	3
73	34	8
73	35	8
73	36	3
73	37	1
73	38	7
73	39	4
73	41	6
73	42	5
73	43	4
73	44	8
73	45	8
73	46	7
73	47	3
73	48	5
73	49	4
73	50	5
73	51	6
73	52	2
73	53	2
73	54	10
73	55	4
73	56	8
73	57	1
73	58	8
73	60	14
73	61	1
73	62	5
73	63	7
73	64	8
73	65	5
73	66	6
73	67	4
73	68	5
73	69	1
73	70	5
73	71	6
73	72	8
73	74	7
74	0	4
74	1	2
74	2	4
74	3	4
74	4	1
74	5	4
74	6	2
74	7	5
74	8	2
74	9	4
74	10	6
74	11	2
74	13	5
74	14	3
74	15	2
74	16	1
74	17	1
74	18	5
74	19	4
74	20	4
74	21	4
74	22	3
74	23	4
74	24	3
74	25	1
74	26	2
74	27	7
74	28	5
74	29	3
74	30	2
74	31	3
74	32	4
74	33	1
74	34	5
74	35	2
74	36	2
74	37	1
74	38	7
74	39	5
74	40	2
74	41	5
74	42	6
74	43	3
74	44	4
74	45	2
74	46	2
74	47	3
74	48	3
74	49	2
74	50	6
74	51	2
74	52	4
74	53	1
74	54	5
74	55	3
74	56	2
74	58	8
74	59	1
74	60	6
74	61	3
74	62	3
74	63	7
74	64	7
74	65	1
74	66	4
74	67	5
74	68	4
74	70	4
74	71	7
74	72	3
74	73	7
