0	1	1	
0	6	1	
0	9	1	
0	10	1	
0	11	1	
0	12	3	
0	13	1	
0	15	1	
0	19	1	
0	24	1	
0	25	1	
0	26	2	
0	28	2	
0	29	1	
0	36	1	
0	37	1	
0	38	1	
0	40	1	
0	41	1	
0	44	1	
0	45	1	
0	48	1	
0	54	1	
0	60	1	
0	68	1	
0	70	1	
0	74	1	
0	85	1	
0	87	1	
0	88	1	
0	93	1	
0	94	1	
0	95	1	
0	98	1	
0	101	1	
0	107	1	
0	109	1	
0	110	1	
0	111	1	
0	112	1	
0	113	1	
0	115	1	
1	0	1	
1	3	1	
1	4	1	
1	6	2	
1	7	1	
1	9	2	
1	10	2	
1	11	1	
1	12	2	
1	13	1	
1	14	1	
1	15	1	
1	16	1	
1	19	1	
1	22	1	
1	23	1	
1	24	1	
1	25	2	
1	26	2	
1	28	2	
1	29	1	
1	30	1	
1	31	1	
1	36	1	
1	37	1	
1	38	2	
1	39	1	
1	40	1	
1	41	1	
1	44	1	
1	45	2	
1	46	1	
1	48	1	
1	53	1	
1	54	1	
1	57	1	
1	58	1	
1	59	1	
1	60	1	
1	68	2	
1	70	1	
1	71	1	
1	74	1	
1	81	1	
1	85	1	
1	87	1	
1	88	1	
1	93	2	
1	94	2	
1	95	1	
1	98	1	
1	99	1	
1	101	1	
1	107	2	
1	109	2	
1	110	1	
1	111	1	
1	112	1	
1	114	1	
1	115	1	
2	7	1	
2	12	1	
2	14	1	
2	16	1	
2	18	1	
2	23	1	
2	26	1	
2	27	1	
2	28	1	
2	30	1	
2	31	1	
2	34	1	
2	35	1	
2	40	1	
2	42	1	
2	43	1	
2	46	1	
2	47	1	
2	52	1	
2	53	1	
2	54	1	
2	56	1	
2	59	1	
2	71	1	
2	72	1	
2	86	1	
2	90	1	
2	96	1	
2	97	1	
2	99	1	
2	105	1	
2	109	1	
2	110	1	
2	115	1	
3	1	1	
3	4	2	
3	6	1	
3	7	1	
3	12	1	
3	14	1	
3	16	1	
3	23	1	
3	25	1	
3	26	2	
3	28	1	
3	30	2	
3	31	2	
3	33	1	
3	35	2	
3	38	1	
3	39	2	
3	42	1	
3	45	1	
3	46	2	
3	47	1	
3	53	1	
3	54	1	
3	57	1	
3	58	1	
3	59	2	
3	60	1	
3	65	1	
3	68	1	
3	71	1	
3	81	1	
3	92	1	
3	93	2	
3	94	1	
3	99	1	
3	101	1	
3	104	1	
3	107	1	
3	109	1	
3	113	1	
3	114	2	
4	1	1	
4	3	2	
4	5	1	
4	6	1	
4	7	1	
4	8	4	
4	11	1	
4	12	4	
4	14	1	
4	15	2	
4	16	1	
4	17	2	
4	18	1	
4	20	1	
4	23	4	
4	24	1	
4	25	3	
4	26	3	
4	27	1	
4	28	2	
4	29	1	
4	30	5	
4	31	8	
4	32	2	
4	33	3	
4	34	1	
4	35	2	
4	36	3	
4	38	4	
4	39	6	
4	40	1	
4	41	1	
4	42	3	
4	43	2	
4	44	4	
4	45	3	
4	46	3	
4	47	7	
4	51	2	
4	52	1	
4	53	5	
4	54	8	
4	56	3	
4	57	3	
4	58	2	
4	59	7	
4	60	4	
4	61	1	
4	63	5	
4	65	1	
4	66	1	
4	67	1	
4	68	2	
4	71	2	
4	72	2	
4	73	1	
4	74	3	
4	75	1	
4	76	1	
4	78	2	
4	79	1	
4	81	1	
4	82	1	
4	83	2	
4	86	2	
4	87	2	
4	88	3	
4	89	2	
4	90	2	
4	92	3	
4	93	3	
4	94	3	
4	96	4	
4	97	2	
4	98	2	
4	99	6	
4	101	1	
4	102	1	
4	104	2	
4	105	2	
4	106	1	
4	107	2	
4	108	2	
4	109	5	
4	111	2	
4	114	5	
4	115	1	
5	4	1	
5	8	1	
5	17	1	
5	20	1	
5	30	1	
5	31	1	
5	32	1	
5	36	1	
5	38	1	
5	39	1	
5	42	1	
5	43	1	
5	44	1	
5	45	2	
5	47	1	
5	48	1	
5	60	1	
5	63	1	
5	68	1	
5	72	1	
5	74	1	
5	83	1	
5	87	1	
5	88	1	
5	89	2	
5	99	1	
5	108	1	
5	109	1	
5	114	1	
6	0	1	
6	1	2	
6	3	1	
6	4	1	
6	7	1	
6	9	1	
6	10	1	
6	11	1	
6	12	2	
6	13	1	
6	14	1	
6	15	1	
6	16	1	
6	19	1	
6	23	1	
6	24	1	
6	25	2	
6	26	2	
6	28	2	
6	29	1	
6	30	1	
6	31	1	
6	36	1	
6	37	1	
6	38	2	
6	39	1	
6	40	1	
6	41	1	
6	44	1	
6	45	2	
6	46	1	
6	48	1	
6	53	1	
6	54	1	
6	57	1	
6	58	1	
6	59	1	
6	60	1	
6	68	2	
6	70	1	
6	71	1	
6	74	1	
6	81	1	
6	85	1	
6	87	1	
6	88	1	
6	93	2	
6	94	2	
6	95	1	
6	98	1	
6	99	1	
6	101	1	
6	107	2	
6	109	2	
6	110	1	
6	111	1	
6	112	1	
6	114	1	
6	115	1	
7	1	1	
7	2	1	
7	3	1	
7	4	1	
7	6	1	
7	12	2	
7	14	2	
7	16	1	
7	23	1	
7	25	1	
7	26	2	
7	28	1	
7	30	1	
7	31	1	
7	38	1	
7	39	1	
7	40	1	
7	45	1	
7	46	1	
7	53	1	
7	54	1	
7	57	1	
7	58	1	
7	59	1	
7	68	1	
7	71	1	
7	81	1	
7	93	1	
7	94	1	
7	99	1	
7	105	1	
7	107	1	
7	109	2	
7	110	1	
7	114	1	
7	115	1	
8	4	4	
8	5	1	
8	11	1	
8	15	1	
8	16	1	
8	17	5	
8	18	2	
8	20	1	
8	23	3	
8	24	1	
8	25	3	
8	26	3	
8	27	1	
8	28	4	
8	29	1	
8	30	5	
8	31	5	
8	32	3	
8	33	2	
8	34	3	
8	36	2	
8	38	3	
8	39	2	
8	41	2	
8	42	4	
8	43	3	
8	44	3	
8	45	4	
8	46	1	
8	47	8	
8	49	1	
8	51	4	
8	52	2	
8	53	2	
8	54	5	
8	56	2	
8	57	1	
8	58	1	
8	59	6	
8	60	4	
8	61	2	
8	63	5	
8	65	1	
8	66	3	
8	68	1	
8	71	2	
8	72	1	
8	73	2	
8	74	2	
8	76	2	
8	77	1	
8	78	1	
8	79	1	
8	82	3	
8	83	2	
8	86	2	
8	87	3	
8	88	3	
8	89	1	
8	90	3	
8	91	1	
8	92	2	
8	94	1	
8	96	4	
8	97	2	
8	98	4	
8	99	7	
8	102	2	
8	103	1	
8	104	2	
8	105	4	
8	106	1	
8	107	1	
8	108	2	
8	109	6	
8	110	2	
8	111	1	
8	114	5	
9	0	1	
9	1	2	
9	6	1	
9	10	2	
9	11	1	
9	12	1	
9	13	1	
9	15	1	
9	19	1	
9	22	1	
9	24	1	
9	25	1	
9	26	1	
9	28	1	
9	29	1	
9	36	1	
9	37	1	
9	38	1	
9	40	1	
9	41	1	
9	44	1	
9	45	1	
9	48	1	
9	60	1	
9	68	1	
9	70	1	
9	74	1	
9	85	1	
9	87	1	
9	88	1	
9	93	1	
9	94	1	
9	95	1	
9	98	1	
9	101	1	
9	107	1	
9	109	1	
9	110	1	
9	111	1	
9	112	1	
9	115	1	
10	0	1	
10	1	2	
10	6	1	
10	9	2	
10	11	1	
10	12	1	
10	13	1	
10	15	1	
10	19	1	
10	22	1	
10	24	1	
10	25	1	
10	26	1	
10	28	1	
10	29	1	
10	36	1	
10	37	1	
10	38	1	
10	40	1	
10	41	1	
10	44	1	
10	45	1	
10	48	1	
10	60	1	
10	68	1	
10	70	1	
10	74	1	
10	85	1	
10	87	1	
10	88	1	
10	93	1	
10	94	1	
10	95	1	
10	98	1	
10	101	1	
10	107	1	
10	109	1	
10	110	1	
10	111	1	
10	112	1	
10	115	1	
11	0	1	
11	1	1	
11	4	1	
11	6	1	
11	8	1	
11	9	1	
11	10	1	
11	12	1	
11	13	1	
11	15	1	
11	17	1	
11	18	1	
11	19	1	
11	24	1	
11	25	2	
11	26	1	
11	28	1	
11	29	1	
11	31	1	
11	32	1	
11	33	1	
11	34	1	
11	36	1	
11	37	1	
11	38	2	
11	39	1	
11	40	1	
11	41	1	
11	43	1	
11	44	1	
11	45	1	
11	48	1	
11	51	1	
11	52	1	
11	53	1	
11	57	1	
11	59	1	
11	60	1	
11	61	1	
11	63	1	
11	68	1	
11	70	1	
11	73	1	
11	74	1	
11	76	1	
11	83	1	
11	85	1	
11	87	1	
11	88	1	
11	92	1	
11	93	1	
11	94	1	
11	95	1	
11	98	1	
11	101	1	
11	106	1	
11	107	1	
11	109	2	
11	110	1	
11	111	2	
11	112	1	
11	115	1	
12	0	3	
12	1	2	
12	2	1	
12	3	1	
12	4	4	
12	6	2	
12	7	2	
12	9	1	
12	10	1	
12	11	1	
12	13	1	
12	14	2	
12	15	2	
12	16	1	
12	19	1	
12	23	2	
12	24	1	
12	25	2	
12	26	4	
12	28	3	
12	29	1	
12	30	4	
12	31	2	
12	33	1	
12	36	2	
12	37	1	
12	38	4	
12	39	2	
12	40	2	
12	41	2	
12	42	1	
12	44	3	
12	45	3	
12	46	1	
12	47	4	
12	48	1	
12	51	1	
12	52	1	
12	53	1	
12	54	2	
12	56	2	
12	57	1	
12	58	2	
12	59	3	
12	60	2	
12	63	2	
12	67	1	
12	68	2	
12	70	1	
12	71	1	
12	72	1	
12	73	1	
12	74	1	
12	76	1	
12	78	1	
12	79	1	
12	81	1	
12	82	1	
12	85	1	
12	86	1	
12	87	1	
12	88	1	
12	92	1	
12	93	3	
12	94	3	
12	95	1	
12	96	3	
12	98	1	
12	99	2	
12	101	1	
12	104	1	
12	105	1	
12	106	1	
12	107	2	
12	109	3	
12	110	2	
12	111	2	
12	112	1	
12	113	1	
12	114	2	
12	115	2	
13	0	1	
13	1	1	
13	6	1	
13	9	1	
13	10	1	
13	11	1	
13	12	1	
13	15	1	
13	19	1	
13	24	1	
13	25	1	
13	26	1	
13	28	1	
13	29	1	
13	36	1	
13	37	1	
13	38	1	
13	40	1	
13	41	1	
13	44	1	
13	45	1	
13	48	1	
13	60	1	
13	68	1	
13	70	1	
13	74	1	
13	85	1	
13	87	1	
13	88	1	
13	93	1	
13	94	1	
13	95	1	
13	98	1	
13	101	1	
13	102	1	
13	107	1	
13	109	1	
13	110	1	
13	111	1	
13	112	1	
13	115	1	
14	1	1	
14	2	1	
14	3	1	
14	4	1	
14	6	1	
14	7	2	
14	12	2	
14	16	1	
14	23	1	
14	25	1	
14	26	2	
14	28	1	
14	30	1	
14	31	1	
14	38	1	
14	39	1	
14	40	1	
14	45	1	
14	46	1	
14	53	1	
14	54	1	
14	57	1	
14	58	1	
14	59	1	
14	68	1	
14	71	1	
14	81	1	
14	93	1	
14	94	1	
14	99	1	
14	105	1	
14	107	1	
14	109	2	
14	110	1	
14	114	1	
14	115	1	
15	0	1	
15	1	1	
15	4	2	
15	6	1	
15	8	1	
15	9	1	
15	10	1	
15	11	1	
15	12	2	
15	13	1	
15	17	1	
15	18	1	
15	19	1	
15	24	1	
15	25	1	
15	26	1	
15	28	2	
15	29	2	
15	30	2	
15	31	1	
15	32	1	
15	33	1	
15	34	1	
15	36	2	
15	37	1	
15	38	2	
15	39	1	
15	40	1	
15	41	2	
15	42	1	
15	43	1	
15	44	1	
15	45	2	
15	47	3	
15	48	1	
15	51	1	
15	52	1	
15	54	3	
15	56	1	
15	58	1	
15	59	2	
15	60	3	
15	61	1	
15	63	1	
15	68	1	
15	70	1	
15	71	1	
15	72	1	
15	73	1	
15	74	2	
15	75	2	
15	76	1	
15	79	2	
15	82	1	
15	85	1	
15	87	1	
15	88	1	
15	90	1	
15	93	1	
15	94	1	
15	95	1	
15	96	1	
15	98	2	
15	99	1	
15	101	1	
15	104	1	
15	107	1	
15	109	1	
15	110	3	
15	111	1	
15	112	1	
15	115	3	
16	1	1	
16	2	1	
16	3	1	
16	4	1	
16	6	1	
16	7	1	
16	8	1	
16	12	1	
16	14	1	
16	18	1	
16	23	5	
16	25	1	
16	26	2	
16	27	1	
16	28	1	
16	30	2	
16	31	2	
16	34	1	
16	35	1	
16	38	1	
16	39	1	
16	42	1	
16	43	1	
16	45	1	
16	46	2	
16	47	2	
16	49	1	
16	52	1	
16	53	2	
16	54	2	
16	56	1	
16	57	1	
16	58	1	
16	59	4	
16	60	2	
16	61	1	
16	68	1	
16	71	2	
16	72	1	
16	81	1	
16	86	4	
16	90	1	
16	93	1	
16	94	1	
16	96	1	
16	97	1	
16	98	2	
16	99	3	
16	100	1	
16	104	1	
16	107	1	
16	109	1	
16	114	2	
17	4	2	
17	5	1	
17	8	5	
17	11	1	
17	15	1	
17	18	2	
17	20	2	
17	25	2	
17	26	2	
17	28	2	
17	29	2	
17	30	3	
17	31	3	
17	32	4	
17	33	2	
17	34	3	
17	36	2	
17	38	2	
17	39	2	
17	41	2	
17	42	2	
17	43	3	
17	44	1	
17	45	2	
17	46	1	
17	47	3	
17	51	2	
17	52	2	
17	53	1	
17	54	2	
17	56	1	
17	57	1	
17	58	1	
17	59	1	
17	60	2	
17	61	2	
17	63	3	
17	66	1	
17	68	1	
17	71	2	
17	72	1	
17	73	2	
17	74	1	
17	76	2	
17	79	1	
17	82	2	
17	83	2	
17	87	2	
17	88	1	
17	89	1	
17	90	2	
17	92	1	
17	96	2	
17	98	1	
17	99	2	
17	103	1	
17	104	1	
17	105	1	
17	106	1	
17	108	1	
17	109	3	
17	110	2	
17	111	1	
17	114	2	
18	2	1	
18	4	1	
18	8	2	
18	11	1	
18	15	1	
18	16	1	
18	17	2	
18	23	1	
18	25	1	
18	27	1	
18	28	1	
18	29	1	
18	30	2	
18	31	4	
18	32	2	
18	33	1	
18	34	4	
18	35	1	
18	36	1	
18	38	2	
18	39	2	
18	41	1	
18	42	2	
18	43	4	
18	46	1	
18	47	3	
18	51	2	
18	52	3	
18	53	2	
18	54	2	
18	56	2	
18	57	1	
18	58	1	
18	59	2	
18	60	1	
18	61	2	
18	63	3	
18	66	1	
18	69	1	
18	71	3	
18	72	1	
18	73	2	
18	76	2	
18	79	1	
18	82	1	
18	83	1	
18	86	1	
18	90	2	
18	92	1	
18	96	2	
18	97	1	
18	99	1	
18	104	1	
18	106	1	
18	109	1	
18	110	2	
18	111	1	
18	112	1	
19	0	1	
19	1	1	
19	6	1	
19	9	1	
19	10	1	
19	11	1	
19	12	1	
19	13	1	
19	15	1	
19	24	1	
19	25	1	
19	26	1	
19	28	1	
19	29	1	
19	36	1	
19	37	1	
19	38	1	
19	40	1	
19	41	1	
19	44	1	
19	45	1	
19	48	1	
19	60	1	
19	68	1	
19	70	1	
19	74	1	
19	85	1	
19	87	1	
19	88	1	
19	93	1	
19	94	1	
19	95	1	
19	98	1	
19	101	1	
19	107	1	
19	109	1	
19	110	1	
19	111	1	
19	112	1	
19	115	1	
20	4	1	
20	5	1	
20	8	1	
20	17	2	
20	25	1	
20	29	1	
20	30	1	
20	31	1	
20	32	1	
20	39	1	
20	42	2	
20	43	1	
20	44	1	
20	45	1	
20	47	1	
20	59	1	
20	60	1	
20	63	1	
20	66	1	
20	68	1	
20	71	1	
20	72	1	
20	74	1	
20	83	1	
20	87	1	
20	88	1	
20	89	1	
20	90	1	
20	98	1	
20	99	2	
20	108	1	
20	109	1	
20	114	2	
22	1	1	
22	9	1	
22	10	1	
23	1	1	
23	2	1	
23	3	1	
23	4	4	
23	6	1	
23	7	1	
23	8	3	
23	12	2	
23	14	1	
23	16	5	
23	18	1	
23	25	3	
23	26	3	
23	27	2	
23	28	1	
23	29	1	
23	30	4	
23	31	5	
23	34	1	
23	35	1	
23	36	4	
23	38	3	
23	39	2	
23	41	2	
23	42	2	
23	43	1	
23	44	3	
23	45	2	
23	46	2	
23	47	3	
23	49	1	
23	52	1	
23	53	3	
23	54	5	
23	56	2	
23	57	1	
23	58	3	
23	59	7	
23	60	4	
23	61	1	
23	63	2	
23	66	1	
23	67	1	
23	68	1	
23	71	4	
23	72	1	
23	74	2	
23	77	1	
23	78	2	
23	81	1	
23	85	1	
23	86	6	
23	88	4	
23	90	2	
23	92	1	
23	93	1	
23	94	3	
23	96	3	
23	97	2	
23	98	3	
23	99	5	
23	100	1	
23	102	1	
23	104	2	
23	105	1	
23	107	1	
23	108	1	
23	109	2	
23	114	3	
24	0	1	
24	1	1	
24	4	1	
24	6	1	
24	8	1	
24	9	1	
24	10	1	
24	11	1	
24	12	1	
24	13	1	
24	15	1	
24	19	1	
24	25	3	
24	26	1	
24	28	2	
24	29	1	
24	36	1	
24	37	1	
24	38	1	
24	40	1	
24	41	1	
24	44	1	
24	45	1	
24	48	1	
24	51	1	
24	54	1	
24	56	1	
24	59	1	
24	60	1	
24	63	1	
24	66	1	
24	68	1	
24	70	1	
24	74	1	
24	75	1	
24	80	1	
24	82	1	
24	85	1	
24	87	2	
24	88	2	
24	93	1	
24	94	2	
24	95	1	
24	96	1	
24	97	1	
24	98	2	
24	99	1	
24	101	1	
24	102	1	
24	107	2	
24	108	1	
24	109	2	
24	110	1	
24	111	1	
24	112	1	
24	115	2	
25	0	1	
25	1	2	
25	3	1	
25	4	3	
25	6	2	
25	7	1	
25	8	3	
25	9	1	
25	10	1	
25	11	2	
25	12	2	
25	13	1	
25	14	1	
25	15	1	
25	16	1	
25	17	2	
25	18	1	
25	19	1	
25	20	1	
25	23	3	
25	24	3	
25	26	3	
25	27	1	
25	28	3	
25	29	4	
25	30	2	
25	31	3	
25	32	1	
25	33	1	
25	34	1	
25	36	1	
25	37	1	
25	38	3	
25	39	3	
25	40	1	
25	41	1	
25	43	1	
25	44	2	
25	45	4	
25	46	1	
25	48	1	
25	51	2	
25	52	1	
25	53	2	
25	54	2	
25	56	1	
25	57	2	
25	58	1	
25	59	2	
25	60	2	
25	61	1	
25	63	2	
25	66	1	
25	68	3	
25	70	1	
25	71	4	
25	73	1	
25	74	2	
25	76	1	
25	80	1	
25	81	2	
25	82	1	
25	83	1	
25	85	1	
25	87	2	
25	88	3	
25	92	1	
25	93	2	
25	94	5	
25	95	1	
25	96	2	
25	97	1	
25	98	2	
25	99	2	
25	101	1	
25	102	2	
25	104	1	
25	106	1	
25	107	5	
25	108	2	
25	109	4	
25	110	1	
25	111	2	
25	112	1	
25	114	1	
25	115	1	
26	0	2	
26	1	2	
26	2	1	
26	3	2	
26	4	3	
26	6	2	
26	7	2	
26	8	3	
26	9	1	
26	10	1	
26	11	1	
26	12	4	
26	13	1	
26	14	2	
26	15	1	
26	16	2	
26	17	2	
26	19	1	
26	23	3	
26	24	1	
26	25	3	
26	27	1	
26	28	4	
26	29	1	
26	30	3	
26	31	3	
26	33	3	
26	34	1	
26	35	1	
26	36	1	
26	37	1	
26	38	3	
26	39	2	
26	40	2	
26	41	2	
26	42	1	
26	44	2	
26	45	3	
26	46	2	
26	47	4	
26	48	1	
26	49	1	
26	53	2	
26	54	3	
26	57	1	
26	58	1	
26	59	3	
26	60	3	
26	63	1	
26	65	1	
26	66	1	
26	68	2	
26	70	1	
26	71	1	
26	74	2	
26	81	1	
26	82	1	
26	85	1	
26	86	3	
26	87	2	
26	88	2	
26	90	2	
26	92	1	
26	93	3	
26	94	2	
26	95	1	
26	96	2	
26	97	3	
26	98	5	
26	99	4	
26	101	2	
26	103	1	
26	104	1	
26	105	3	
26	107	3	
26	109	6	
26	110	3	
26	111	1	
26	112	1	
26	113	1	
26	114	5	
26	115	2	
27	2	1	
27	4	1	
27	8	1	
27	16	1	
27	18	1	
27	23	2	
27	25	1	
27	26	1	
27	30	1	
27	31	3	
27	34	1	
27	35	1	
27	38	1	
27	42	1	
27	43	1	
27	44	1	
27	46	1	
27	47	1	
27	52	1	
27	53	2	
27	54	2	
27	56	1	
27	59	1	
27	63	1	
27	71	1	
27	72	1	
27	74	1	
27	86	2	
27	88	1	
27	90	2	
27	96	2	
27	97	2	
27	98	1	
27	99	2	
27	105	1	
27	109	1	
27	114	1	
28	0	2	
28	1	2	
28	2	1	
28	3	1	
28	4	2	
28	6	2	
28	7	1	
28	8	4	
28	9	1	
28	10	1	
28	11	1	
28	12	3	
28	13	1	
28	14	1	
28	15	2	
28	16	1	
28	17	2	
28	18	1	
28	19	1	
28	23	1	
28	24	2	
28	25	3	
28	26	4	
28	29	2	
28	30	3	
28	31	6	
28	32	1	
28	33	1	
28	34	2	
28	36	3	
28	37	1	
28	38	3	
28	39	1	
28	40	1	
28	41	3	
28	42	1	
28	43	1	
28	44	1	
28	45	3	
28	46	1	
28	47	2	
28	48	1	
28	51	2	
28	52	1	
28	53	1	
28	54	4	
28	56	2	
28	57	1	
28	58	2	
28	59	3	
28	60	2	
28	61	1	
28	63	2	
28	66	2	
28	68	2	
28	70	1	
28	71	2	
28	73	1	
28	74	1	
28	76	1	
28	79	1	
28	81	1	
28	82	3	
28	85	1	
28	87	3	
28	88	2	
28	90	2	
28	93	2	
28	94	3	
28	95	2	
28	96	3	
28	97	1	
28	98	3	
28	99	3	
28	101	1	
28	102	1	
28	103	1	
28	104	1	
28	105	1	
28	107	3	
28	108	1	
28	109	4	
28	110	3	
28	111	1	
28	112	1	
28	113	1	
28	114	2	
28	115	1	
29	0	1	
29	1	1	
29	4	1	
29	6	1	
29	8	1	
29	9	1	
29	10	1	
29	11	1	
29	12	1	
29	13	1	
29	15	2	
29	17	2	
29	18	1	
29	19	1	
29	20	1	
29	23	1	
29	24	1	
29	25	4	
29	26	1	
29	28	2	
29	30	2	
29	31	2	
29	32	1	
29	34	1	
29	36	2	
29	37	1	
29	38	2	
29	39	1	
29	40	1	
29	41	3	
29	42	1	
29	43	1	
29	44	2	
29	45	2	
29	47	1	
29	48	1	
29	51	1	
29	52	1	
29	53	1	
29	54	2	
29	56	1	
29	58	1	
29	59	1	
29	60	3	
29	61	1	
29	63	1	
29	68	2	
29	70	1	
29	71	3	
29	73	1	
29	74	2	
29	76	1	
29	79	1	
29	80	1	
29	81	1	
29	82	1	
29	85	1	
29	87	1	
29	88	2	
29	90	2	
29	93	1	
29	94	2	
29	95	1	
29	96	1	
29	97	1	
29	98	1	
29	99	1	
29	101	1	
29	104	2	
29	107	2	
29	108	1	
29	109	1	
29	110	2	
29	111	1	
29	112	1	
29	115	1	
30	1	1	
30	2	1	
30	3	2	
30	4	5	
30	5	1	
30	6	1	
30	7	1	
30	8	5	
30	12	4	
30	14	1	
30	15	2	
30	16	2	
30	17	3	
30	18	2	
30	20	1	
30	23	4	
30	25	2	
30	26	3	
30	27	1	
30	28	3	
30	29	2	
30	31	7	
30	32	2	
30	33	4	
30	34	3	
30	35	2	
30	36	4	
30	38	3	
30	39	6	
30	41	3	
30	42	6	
30	43	3	
30	44	4	
30	45	5	
30	46	3	
30	47	10	
30	51	1	
30	52	2	
30	53	3	
30	54	3	
30	56	3	
30	57	1	
30	58	2	
30	59	10	
30	60	4	
30	61	1	
30	63	4	
30	65	2	
30	66	2	
30	68	3	
30	71	3	
30	72	3	
30	73	1	
30	74	1	
30	76	1	
30	78	3	
30	79	4	
30	80	1	
30	81	2	
30	82	2	
30	83	1	
30	86	4	
30	87	2	
30	88	1	
30	89	1	
30	90	6	
30	92	2	
30	93	3	
30	94	2	
30	96	5	
30	97	1	
30	98	1	
30	99	7	
30	101	1	
30	102	1	
30	103	1	
30	104	2	
30	105	1	
30	107	2	
30	108	1	
30	109	3	
30	110	2	
30	114	5	
31	1	1	
31	2	1	
31	3	2	
31	4	8	
31	5	1	
31	6	1	
31	7	1	
31	8	5	
31	11	1	
31	12	2	
31	14	1	
31	15	1	
31	16	2	
31	17	3	
31	18	4	
31	20	1	
31	23	5	
31	25	3	
31	26	3	
31	27	3	
31	28	6	
31	29	2	
31	30	7	
31	32	3	
31	33	2	
31	34	4	
31	35	3	
31	36	4	
31	38	5	
31	39	7	
31	40	1	
31	41	2	
31	42	5	
31	43	5	
31	44	5	
31	45	3	
31	46	3	
31	47	7	
31	51	2	
31	52	3	
31	53	5	
31	54	4	
31	56	3	
31	57	2	
31	58	2	
31	59	6	
31	60	4	
31	61	2	
31	63	6	
31	65	1	
31	66	1	
31	68	3	
31	69	1	
31	71	5	
31	72	2	
31	73	2	
31	74	2	
31	76	2	
31	78	2	
31	79	1	
31	80	1	
31	81	2	
31	82	1	
31	83	2	
31	86	3	
31	87	1	
31	88	2	
31	89	1	
31	90	3	
31	92	4	
31	93	3	
31	94	2	
31	95	1	
31	96	4	
31	97	2	
31	98	1	
31	99	5	
31	101	1	
31	104	2	
31	105	2	
31	106	1	
31	107	2	
31	108	1	
31	109	4	
31	110	2	
31	111	1	
31	112	1	
31	114	5	
32	4	2	
32	5	1	
32	8	3	
32	11	1	
32	15	1	
32	17	4	
32	18	2	
32	20	1	
32	25	1	
32	28	1	
32	29	1	
32	30	2	
32	31	3	
32	33	1	
32	34	2	
32	36	3	
32	37	1	
32	38	2	
32	39	3	
32	41	1	
32	42	2	
32	43	3	
32	44	2	
32	45	1	
32	47	3	
32	48	1	
32	50	1	
32	51	2	
32	52	2	
32	53	1	
32	54	1	
32	56	1	
32	57	2	
32	58	1	
32	59	1	
32	60	2	
32	61	2	
32	63	3	
32	64	1	
32	68	1	
32	70	1	
32	71	1	
32	72	1	
32	73	2	
32	74	1	
32	76	2	
32	79	1	
32	82	2	
32	83	2	
32	87	1	
32	88	1	
32	89	1	
32	90	1	
32	92	1	
32	93	1	
32	96	1	
32	99	1	
32	104	1	
32	106	1	
32	108	1	
32	109	2	
32	110	1	
32	111	1	
32	114	1	
33	3	1	
33	4	3	
33	8	2	
33	11	1	
33	12	1	
33	15	1	
33	17	2	
33	18	1	
33	25	1	
33	26	3	
33	28	1	
33	30	4	
33	31	2	
33	32	1	
33	34	2	
33	35	1	
33	38	1	
33	39	2	
33	41	1	
33	42	1	
33	43	1	
33	45	2	
33	46	1	
33	47	3	
33	51	1	
33	52	1	
33	53	2	
33	57	1	
33	59	2	
33	60	1	
33	61	1	
33	63	1	
33	65	1	
33	66	1	
33	72	1	
33	73	1	
33	76	1	
33	79	2	
33	82	1	
33	83	1	
33	86	1	
33	87	1	
33	90	2	
33	92	2	
33	93	1	
33	96	1	
33	97	1	
33	98	1	
33	99	1	
33	101	1	
33	103	1	
33	104	1	
33	105	1	
33	106	1	
33	107	1	
33	109	2	
33	110	1	
33	111	1	
33	114	2	
34	2	1	
34	4	1	
34	8	3	
34	11	1	
34	15	1	
34	16	1	
34	17	3	
34	18	4	
34	23	1	
34	25	1	
34	26	1	
34	27	1	
34	28	2	
34	29	1	
34	30	3	
34	31	4	
34	32	2	
34	33	2	
34	35	1	
34	36	1	
34	38	2	
34	39	2	
34	41	2	
34	42	2	
34	43	4	
34	45	1	
34	46	1	
34	47	5	
34	51	2	
34	52	3	
34	53	2	
34	54	2	
34	56	2	
34	57	1	
34	58	1	
34	59	2	
34	60	1	
34	61	2	
34	63	3	
34	66	2	
34	69	1	
34	71	4	
34	72	1	
34	73	2	
34	76	2	
34	79	1	
34	82	2	
34	83	1	
34	86	1	
34	87	1	
34	90	3	
34	92	1	
34	96	3	
34	97	1	
34	98	1	
34	99	2	
34	103	1	
34	104	1	
34	105	1	
34	106	1	
34	109	2	
34	110	3	
34	111	1	
34	112	1	
34	114	1	
35	2	1	
35	3	2	
35	4	2	
35	16	1	
35	18	1	
35	23	1	
35	26	1	
35	27	1	
35	30	2	
35	31	3	
35	33	1	
35	34	1	
35	39	1	
35	40	1	
35	42	2	
35	43	1	
35	44	1	
35	46	2	
35	47	3	
35	52	1	
35	53	1	
35	54	1	
35	56	1	
35	59	2	
35	60	1	
35	65	1	
35	71	1	
35	72	1	
35	86	1	
35	90	1	
35	92	1	
35	93	1	
35	96	1	
35	97	1	
35	99	1	
35	101	1	
35	104	1	
35	105	1	
35	113	1	
35	114	1	
36	0	1	
36	1	1	
36	4	3	
36	5	1	
36	6	1	
36	8	2	
36	9	1	
36	10	1	
36	11	1	
36	12	2	
36	13	1	
36	15	2	
36	17	2	
36	18	1	
36	19	1	
36	23	4	
36	24	1	
36	25	1	
36	26	1	
36	28	3	
36	29	2	
36	30	4	
36	31	4	
36	32	3	
36	34	1	
36	37	2	
36	38	4	
36	39	2	
36	40	1	
36	41	3	
36	42	2	
36	43	1	
36	44	4	
36	45	3	
36	47	4	
36	48	4	
36	50	1	
36	51	1	
36	52	1	
36	54	2	
36	56	3	
36	57	2	
36	58	2	
36	59	5	
36	60	3	
36	61	1	
36	63	2	
36	64	1	
36	67	1	
36	68	1	
36	70	2	
36	71	1	
36	73	1	
36	74	1	
36	75	1	
36	76	1	
36	78	2	
36	79	1	
36	81	1	
36	82	2	
36	85	1	
36	86	1	
36	87	1	
36	88	1	
36	89	1	
36	90	1	
36	92	1	
36	93	2	
36	94	2	
36	95	1	
36	96	2	
36	98	1	
36	99	1	
36	101	1	
36	104	1	
36	107	1	
36	108	1	
36	109	1	
36	110	2	
36	111	2	
36	112	1	
36	115	1	
37	0	1	
37	1	1	
37	6	1	
37	9	1	
37	10	1	
37	11	1	
37	12	1	
37	13	1	
37	15	1	
37	19	1	
37	24	1	
37	25	1	
37	26	1	
37	28	1	
37	29	1	
37	32	1	
37	36	2	
37	38	1	
37	39	1	
37	40	1	
37	41	1	
37	44	2	
37	45	1	
37	47	1	
37	48	2	
37	50	1	
37	57	1	
37	60	1	
37	64	1	
37	68	1	
37	70	2	
37	74	1	
37	82	1	
37	85	1	
37	87	1	
37	88	1	
37	93	2	
37	94	1	
37	95	1	
37	98	1	
37	101	1	
37	107	1	
37	109	1	
37	110	1	
37	111	1	
37	112	1	
37	115	1	
38	0	1	
38	1	2	
38	3	1	
38	4	4	
38	5	1	
38	6	2	
38	7	1	
38	8	3	
38	9	1	
38	10	1	
38	11	2	
38	12	4	
38	13	1	
38	14	1	
38	15	2	
38	16	1	
38	17	2	
38	18	2	
38	19	1	
38	23	3	
38	24	1	
38	25	3	
38	26	3	
38	27	1	
38	28	3	
38	29	2	
38	30	3	
38	31	5	
38	32	2	
38	33	1	
38	34	2	
38	36	4	
38	37	1	
38	39	4	
38	40	1	
38	41	3	
38	42	3	
38	43	2	
38	44	3	
38	45	3	
38	46	1	
38	47	2	
38	48	2	
38	51	3	
38	52	3	
38	53	4	
38	54	3	
38	56	3	
38	57	3	
38	58	3	
38	59	3	
38	60	3	
38	61	2	
38	63	4	
38	67	1	
38	68	2	
38	70	1	
38	71	2	
38	73	3	
38	74	2	
38	76	3	
38	78	1	
38	79	1	
38	81	1	
38	82	2	
38	83	1	
38	84	1	
38	85	1	
38	86	2	
38	87	1	
38	88	2	
38	89	1	
38	90	2	
38	92	2	
38	93	2	
38	94	3	
38	95	1	
38	96	3	
38	97	1	
38	98	2	
38	99	4	
38	101	1	
38	102	1	
38	104	2	
38	105	1	
38	106	1	
38	107	2	
38	109	4	
38	110	2	
38	111	2	
38	112	1	
38	114	3	
38	115	1	
39	1	1	
39	3	2	
39	4	6	
39	5	1	
39	6	1	
39	7	1	
39	8	2	
39	11	1	
39	12	2	
39	14	1	
39	15	1	
39	16	1	
39	17	2	
39	18	2	
39	20	1	
39	23	2	
39	25	3	
39	26	2	
39	28	1	
39	29	1	
39	30	6	
39	31	7	
39	32	3	
39	33	2	
39	34	2	
39	35	1	
39	36	2	
39	37	1	
39	38	4	
39	41	1	
39	42	4	
39	43	3	
39	44	4	
39	45	3	
39	46	2	
39	47	6	
39	48	1	
39	50	1	
39	51	1	
39	52	1	
39	53	2	
39	54	2	
39	56	1	
39	57	3	
39	58	1	
39	59	3	
39	60	3	
39	61	1	
39	63	5	
39	64	1	
39	65	2	
39	66	1	
39	68	3	
39	69	1	
39	70	1	
39	71	2	
39	72	1	
39	73	1	
39	74	1	
39	76	1	
39	78	1	
39	79	1	
39	80	1	
39	81	2	
39	82	1	
39	83	2	
39	86	1	
39	87	1	
39	88	1	
39	89	1	
39	90	1	
39	92	3	
39	93	3	
39	94	2	
39	96	1	
39	97	2	
39	98	1	
39	99	6	
39	101	1	
39	102	1	
39	104	3	
39	106	1	
39	107	2	
39	108	1	
39	109	3	
39	110	2	
39	111	1	
39	112	1	
39	114	3	
40	0	1	
40	1	1	
40	2	1	
40	4	1	
40	6	1	
40	7	1	
40	9	1	
40	10	1	
40	11	1	
40	12	2	
40	13	1	
40	14	1	
40	15	1	
40	19	1	
40	24	1	
40	25	1	
40	26	2	
40	28	1	
40	29	1	
40	31	1	
40	35	1	
40	36	1	
40	37	1	
40	38	1	
40	41	1	
40	44	2	
40	45	1	
40	47	1	
40	48	1	
40	60	1	
40	68	1	
40	70	1	
40	74	1	
40	85	1	
40	87	1	
40	88	1	
40	93	1	
40	94	1	
40	95	1	
40	98	1	
40	101	1	
40	105	2	
40	107	1	
40	109	2	
40	110	2	
40	111	1	
40	112	1	
40	115	2	
41	0	1	
41	1	1	
41	4	1	
41	6	1	
41	8	2	
41	9	1	
41	10	1	
41	11	1	
41	12	2	
41	13	1	
41	15	2	
41	17	2	
41	18	1	
41	19	1	
41	23	2	
41	24	1	
41	25	1	
41	26	2	
41	28	3	
41	29	3	
41	30	3	
41	31	2	
41	32	1	
41	33	1	
41	34	2	
41	36	3	
41	37	1	
41	38	3	
41	39	1	
41	40	1	
41	42	3	
41	43	1	
41	44	2	
41	45	2	
41	47	3	
41	48	1	
41	50	1	
41	51	1	
41	52	1	
41	54	2	
41	56	2	
41	58	1	
41	59	2	
41	60	5	
41	61	1	
41	63	2	
41	65	1	
41	66	2	
41	68	1	
41	70	1	
41	71	2	
41	73	1	
41	74	1	
41	76	1	
41	77	1	
41	78	2	
41	79	1	
41	82	3	
41	85	2	
41	86	1	
41	87	2	
41	88	1	
41	90	2	
41	91	1	
41	92	1	
41	93	1	
41	94	3	
41	95	1	
41	96	3	
41	98	2	
41	99	3	
41	101	1	
41	103	1	
41	104	2	
41	105	1	
41	107	1	
41	108	1	
41	109	3	
41	110	3	
41	111	1	
41	112	1	
41	114	1	
41	115	1	
42	2	1	
42	3	1	
42	4	3	
42	5	1	
42	8	4	
42	12	1	
42	15	1	
42	16	1	
42	17	2	
42	18	2	
42	20	2	
42	23	2	
42	26	1	
42	27	1	
42	28	1	
42	29	1	
42	30	6	
42	31	5	
42	32	2	
42	33	1	
42	34	2	
42	35	2	
42	36	2	
42	38	3	
42	39	4	
42	41	3	
42	43	3	
42	44	2	
42	45	1	
42	46	2	
42	47	6	
42	51	1	
42	52	2	
42	53	1	
42	54	2	
42	56	3	
42	58	1	
42	59	6	
42	60	6	
42	61	1	
42	63	3	
42	65	1	
42	68	1	
42	71	2	
42	72	2	
42	73	1	
42	74	1	
42	76	1	
42	78	2	
42	79	1	
42	82	1	
42	83	1	
42	86	2	
42	87	1	
42	88	1	
42	89	1	
42	90	3	
42	91	1	
42	92	2	
42	93	1	
42	94	1	
42	96	3	
42	97	1	
42	99	5	
42	101	1	
42	102	1	
42	104	3	
42	108	1	
42	109	1	
42	110	1	
42	114	2	
43	2	1	
43	4	2	
43	5	1	
43	8	3	
43	11	1	
43	15	1	
43	16	1	
43	17	3	
43	18	4	
43	20	1	
43	23	1	
43	25	1	
43	27	1	
43	28	1	
43	29	1	
43	30	3	
43	31	5	
43	32	3	
43	33	1	
43	34	4	
43	35	1	
43	36	1	
43	38	2	
43	39	3	
43	41	1	
43	42	3	
43	44	1	
43	45	1	
43	46	1	
43	47	4	
43	51	2	
43	52	3	
43	53	2	
43	54	2	
43	56	2	
43	57	1	
43	58	1	
43	59	2	
43	60	2	
43	61	2	
43	63	4	
43	66	1	
43	68	1	
43	69	1	
43	71	3	
43	72	2	
43	73	2	
43	74	1	
43	76	2	
43	79	1	
43	82	1	
43	83	2	
43	86	1	
43	87	2	
43	88	1	
43	89	1	
43	90	2	
43	92	1	
43	96	2	
43	97	1	
43	99	2	
43	104	1	
43	106	1	
43	108	1	
43	109	2	
43	110	2	
43	111	1	
43	112	1	
43	114	1	
44	0	1	
44	1	1	
44	4	4	
44	5	1	
44	6	1	
44	8	3	
44	9	1	
44	10	1	
44	11	1	
44	12	3	
44	13	1	
44	15	1	
44	17	1	
44	19	1	
44	20	1	
44	23	3	
44	24	1	
44	25	2	
44	26	2	
44	27	1	
44	28	1	
44	29	2	
44	30	4	
44	31	5	
44	32	2	
44	35	1	
44	36	4	
44	37	2	
44	38	3	
44	39	4	
44	40	2	
44	41	2	
44	42	2	
44	43	1	
44	45	3	
44	47	4	
44	48	2	
44	50	1	
44	53	1	
44	54	2	
44	56	1	
44	57	1	
44	59	2	
44	60	3	
44	63	3	
44	64	1	
44	65	1	
44	68	3	
44	70	2	
44	72	1	
44	74	3	
44	77	1	
44	78	2	
44	80	1	
44	81	1	
44	82	1	
44	83	1	
44	85	1	
44	86	2	
44	87	2	
44	88	3	
44	89	1	
44	90	1	
44	92	1	
44	93	2	
44	94	2	
44	95	1	
44	96	2	
44	97	2	
44	98	2	
44	99	3	
44	101	1	
44	105	2	
44	106	1	
44	107	2	
44	108	1	
44	109	3	
44	110	1	
44	111	2	
44	112	1	
44	114	3	
44	115	1	
45	0	1	
45	1	2	
45	3	1	
45	4	3	
45	5	2	
45	6	2	
45	7	1	
45	8	4	
45	9	1	
45	10	1	
45	11	1	
45	12	3	
45	13	1	
45	14	1	
45	15	2	
45	16	1	
45	17	2	
45	19	1	
45	20	1	
45	23	2	
45	24	1	
45	25	4	
45	26	3	
45	28	3	
45	29	2	
45	30	5	
45	31	3	
45	32	1	
45	33	2	
45	34	1	
45	36	3	
45	37	1	
45	38	3	
45	39	3	
45	40	1	
45	41	2	
45	42	1	
45	43	1	
45	44	3	
45	46	1	
45	47	3	
45	48	2	
45	53	1	
45	54	2	
45	57	1	
45	58	1	
45	59	3	
45	60	3	
45	63	1	
45	66	1	
45	68	4	
45	70	1	
45	71	2	
45	72	2	
45	74	2	
45	75	1	
45	79	1	
45	80	1	
45	81	2	
45	82	1	
45	83	1	
45	85	1	
45	87	3	
45	88	2	
45	89	2	
45	90	1	
45	93	2	
45	94	2	
45	95	1	
45	96	1	
45	98	2	
45	99	3	
45	101	1	
45	102	1	
45	103	1	
45	104	1	
45	105	1	
45	107	4	
45	108	1	
45	109	4	
45	110	2	
45	111	1	
45	112	1	
45	114	3	
45	115	1	
46	1	1	
46	2	1	
46	3	2	
46	4	3	
46	6	1	
46	7	1	
46	8	1	
46	12	1	
46	14	1	
46	16	2	
46	17	1	
46	18	1	
46	23	2	
46	25	1	
46	26	2	
46	27	1	
46	28	1	
46	30	3	
46	31	3	
46	33	1	
46	34	1	
46	35	2	
46	38	1	
46	39	2	
46	42	2	
46	43	1	
46	45	1	
46	47	3	
46	52	1	
46	53	2	
46	54	3	
46	56	1	
46	57	1	
46	58	1	
46	59	3	
46	60	1	
46	65	1	
46	68	1	
46	71	2	
46	72	1	
46	81	1	
46	86	1	
46	89	1	
46	90	1	
46	92	1	
46	93	2	
46	94	1	
46	96	1	
46	97	1	
46	99	3	
46	101	2	
46	104	1	
46	107	1	
46	109	1	
46	111	1	
46	114	2	
47	2	1	
47	3	1	
47	4	7	
47	5	1	
47	8	8	
47	12	4	
47	15	3	
47	16	2	
47	17	3	
47	18	3	
47	20	1	
47	23	3	
47	26	4	
47	27	1	
47	28	2	
47	29	1	
47	30	10	
47	31	7	
47	32	3	
47	33	3	
47	34	5	
47	35	3	
47	36	4	
47	37	1	
47	38	2	
47	39	6	
47	40	1	
47	41	3	
47	42	6	
47	43	4	
47	44	4	
47	45	3	
47	46	3	
47	48	1	
47	49	1	
47	50	1	
47	51	1	
47	52	2	
47	53	1	
47	54	3	
47	56	4	
47	57	2	
47	58	1	
47	59	9	
47	60	5	
47	61	1	
47	63	4	
47	64	1	
47	65	1	
47	66	3	
47	68	1	
47	69	1	
47	70	1	
47	71	4	
47	72	3	
47	73	1	
47	74	1	
47	76	1	
47	78	2	
47	79	2	
47	82	3	
47	83	1	
47	86	3	
47	87	3	
47	88	1	
47	89	2	
47	90	3	
47	91	1	
47	92	2	
47	93	3	
47	94	1	
47	96	4	
47	97	2	
47	98	3	
47	99	9	
47	101	1	
47	103	1	
47	104	3	
47	105	2	
47	108	1	
47	109	3	
47	110	4	
47	111	1	
47	112	1	
47	114	5	
48	0	1	
48	1	1	
48	5	1	
48	6	1	
48	9	1	
48	10	1	
48	11	1	
48	12	1	
48	13	1	
48	15	1	
48	19	1	
48	24	1	
48	25	1	
48	26	1	
48	28	1	
48	29	1	
48	32	1	
48	36	4	
48	37	2	
48	38	2	
48	39	1	
48	40	1	
48	41	1	
48	44	2	
48	45	2	
48	47	1	
48	50	1	
48	57	1	
48	60	1	
48	64	1	
48	68	1	
48	70	2	
48	74	1	
48	81	1	
48	82	1	
48	85	1	
48	87	1	
48	88	1	
48	89	1	
48	93	2	
48	94	1	
48	95	1	
48	98	1	
48	101	1	
48	107	1	
48	108	1	
48	109	1	
48	110	1	
48	111	2	
48	112	1	
48	115	1	
49	8	1	
49	16	1	
49	23	1	
49	26	1	
49	47	1	
49	59	1	
49	60	1	
49	62	1	
49	86	1	
49	98	2	
49	99	1	
49	114	1	
50	32	1	
50	36	1	
50	37	1	
50	39	1	
50	41	1	
50	44	1	
50	47	1	
50	48	1	
50	57	1	
50	64	1	
50	65	1	
50	70	1	
50	71	1	
50	82	2	
50	93	1	
50	104	1	
50	108	1	
50	109	1	
51	4	2	
51	8	4	
51	11	1	
51	12	1	
51	15	1	
51	17	2	
51	18	2	
51	24	1	
51	25	2	
51	28	2	
51	29	1	
51	30	1	
51	31	2	
51	32	2	
51	33	1	
51	34	2	
51	36	1	
51	38	3	
51	39	1	
51	41	1	
51	42	1	
51	43	2	
51	47	1	
51	52	3	
51	53	1	
51	54	2	
51	56	3	
51	57	1	
51	58	2	
51	59	2	
51	60	1	
51	61	2	
51	63	3	
51	66	1	
51	67	1	
51	71	1	
51	73	3	
51	76	3	
51	79	1	
51	82	3	
51	83	1	
51	87	1	
51	88	1	
51	90	1	
51	92	1	
51	94	1	
51	96	2	
51	97	1	
51	98	1	
51	99	1	
51	102	1	
51	104	1	
51	106	1	
51	107	1	
51	108	1	
51	109	2	
51	110	1	
51	111	1	
52	2	1	
52	4	1	
52	8	2	
52	11	1	
52	12	1	
52	15	1	
52	16	1	
52	17	2	
52	18	3	
52	23	1	
52	25	1	
52	27	1	
52	28	1	
52	29	1	
52	30	2	
52	31	3	
52	32	2	
52	33	1	
52	34	3	
52	35	1	
52	36	1	
52	38	3	
52	39	1	
52	41	1	
52	42	2	
52	43	3	
52	46	1	
52	47	2	
52	51	3	
52	53	2	
52	54	2	
52	56	3	
52	57	1	
52	58	2	
52	59	2	
52	60	1	
52	61	2	
52	63	2	
52	67	1	
52	71	2	
52	72	1	
52	73	3	
52	76	3	
52	79	1	
52	82	2	
52	83	1	
52	86	1	
52	90	2	
52	92	1	
52	96	2	
52	97	1	
52	99	1	
52	104	1	
52	106	1	
52	109	1	
52	110	1	
52	111	1	
53	1	1	
53	2	1	
53	3	1	
53	4	5	
53	6	1	
53	7	1	
53	8	2	
53	11	1	
53	12	1	
53	14	1	
53	16	2	
53	17	1	
53	18	2	
53	23	3	
53	25	2	
53	26	2	
53	27	2	
53	28	1	
53	29	1	
53	30	3	
53	31	5	
53	32	1	
53	33	2	
53	34	2	
53	35	1	
53	38	4	
53	39	2	
53	42	1	
53	43	2	
53	44	1	
53	45	1	
53	46	2	
53	47	1	
53	51	1	
53	52	2	
53	54	4	
53	56	1	
53	57	2	
53	58	1	
53	59	2	
53	61	1	
53	63	2	
53	68	1	
53	71	3	
53	72	1	
53	73	1	
53	74	1	
53	76	1	
53	77	1	
53	78	1	
53	81	1	
53	83	1	
53	86	2	
53	88	1	
53	90	3	
53	92	1	
53	93	2	
53	94	1	
53	96	2	
53	97	3	
53	98	1	
53	99	3	
53	105	1	
53	106	1	
53	107	2	
53	109	3	
53	111	1	
53	114	4	
54	0	1	
54	1	1	
54	2	1	
54	3	1	
54	4	8	
54	6	1	
54	7	1	
54	8	5	
54	12	2	
54	14	1	
54	15	3	
54	16	2	
54	17	2	
54	18	2	
54	23	5	
54	24	1	
54	25	2	
54	26	3	
54	27	2	
54	28	4	
54	29	2	
54	30	3	
54	31	4	
54	32	1	
54	34	2	
54	35	1	
54	36	2	
54	38	3	
54	39	2	
54	41	2	
54	42	2	
54	43	2	
54	44	2	
54	45	2	
54	46	3	
54	47	3	
54	51	2	
54	52	2	
54	53	4	
54	56	3	
54	57	1	
54	58	3	
54	59	7	
54	60	2	
54	61	1	
54	63	3	
54	65	1	
54	66	2	
54	67	1	
54	68	1	
54	71	3	
54	72	1	
54	73	1	
54	74	2	
54	75	2	
54	76	1	
54	77	3	
54	79	1	
54	81	1	
54	82	2	
54	85	1	
54	86	2	
54	87	1	
54	88	2	
54	89	1	
54	90	4	
54	93	1	
54	94	2	
54	96	4	
54	97	3	
54	98	2	
54	99	5	
54	102	1	
54	104	3	
54	105	1	
54	107	2	
54	108	1	
54	109	3	
54	110	1	
54	111	1	
54	113	1	
54	114	3	
54	115	2	
56	2	1	
56	4	3	
56	8	2	
56	12	2	
56	15	1	
56	16	1	
56	17	1	
56	18	2	
56	23	2	
56	24	1	
56	25	1	
56	27	1	
56	28	2	
56	29	1	
56	30	3	
56	31	3	
56	32	1	
56	34	2	
56	35	1	
56	36	3	
56	38	3	
56	39	1	
56	41	2	
56	42	3	
56	43	2	
56	44	1	
56	46	1	
56	47	4	
56	51	3	
56	52	3	
56	53	1	
56	54	3	
56	57	1	
56	58	2	
56	59	5	
56	60	2	
56	61	1	
56	63	3	
56	66	1	
56	67	1	
56	71	2	
56	72	1	
56	73	2	
56	76	2	
56	78	1	
56	79	1	
56	82	3	
56	86	2	
56	87	1	
56	88	1	
56	90	2	
56	92	1	
56	94	2	
56	96	4	
56	97	2	
56	98	1	
56	99	3	
56	102	1	
56	104	1	
56	107	1	
56	108	1	
56	109	1	
56	110	1	
57	1	1	
57	3	1	
57	4	3	
57	6	1	
57	7	1	
57	8	1	
57	11	1	
57	12	1	
57	14	1	
57	16	1	
57	17	1	
57	18	1	
57	23	1	
57	25	2	
57	26	1	
57	28	1	
57	30	1	
57	31	2	
57	32	2	
57	33	1	
57	34	1	
57	36	2	
57	37	1	
57	38	3	
57	39	3	
57	43	1	
57	44	1	
57	45	1	
57	46	1	
57	47	2	
57	48	1	
57	50	1	
57	51	1	
57	52	1	
57	53	2	
57	54	1	
57	56	1	
57	58	1	
57	59	2	
57	61	1	
57	63	1	
57	64	1	
57	68	1	
57	70	1	
57	71	1	
57	73	1	
57	76	1	
57	81	1	
57	82	1	
57	83	1	
57	84	1	
57	92	1	
57	93	2	
57	94	1	
57	99	1	
57	103	1	
57	106	1	
57	107	1	
57	109	2	
57	111	1	
57	114	1	
58	1	1	
58	3	1	
58	4	2	
58	6	1	
58	7	1	
58	8	1	
58	12	2	
58	14	1	
58	15	1	
58	16	1	
58	17	1	
58	18	1	
58	23	3	
58	25	1	
58	26	1	
58	28	2	
58	29	1	
58	30	2	
58	31	2	
58	32	1	
58	34	1	
58	36	2	
58	38	3	
58	39	1	
58	41	1	
58	42	1	
58	43	1	
58	45	1	
58	46	1	
58	47	1	
58	51	2	
58	52	2	
58	53	1	
58	54	3	
58	56	2	
58	57	1	
58	59	3	
58	60	1	
58	61	1	
58	63	1	
58	67	2	
58	68	1	
58	71	2	
58	73	2	
58	76	2	
58	79	1	
58	81	1	
58	82	2	
58	88	2	
58	90	1	
58	93	1	
58	94	1	
58	96	1	
58	99	1	
58	104	1	
58	107	1	
58	109	1	
58	110	1	
58	114	1	
59	1	1	
59	2	1	
59	3	2	
59	4	7	
59	6	1	
59	7	1	
59	8	6	
59	11	1	
59	12	3	
59	14	1	
59	15	2	
59	16	4	
59	17	1	
59	18	2	
59	20	1	
59	23	7	
59	24	1	
59	25	2	
59	26	3	
59	27	1	
59	28	3	
59	29	1	
59	30	10	
59	31	6	
59	32	1	
59	33	2	
59	34	2	
59	35	2	
59	36	5	
59	38	3	
59	39	3	
59	41	2	
59	42	6	
59	43	2	
59	44	2	
59	45	3	
59	46	3	
59	47	9	
59	49	1	
59	51	2	
59	52	2	
59	53	2	
59	54	7	
59	56	5	
59	57	2	
59	58	3	
59	60	4	
59	61	1	
59	63	3	
59	65	1	
59	66	3	
59	67	1	
59	68	1	
59	71	3	
59	72	2	
59	73	1	
59	76	1	
59	78	2	
59	79	2	
59	81	1	
59	82	2	
59	86	4	
59	87	1	
59	88	1	
59	90	3	
59	92	2	
59	93	2	
59	94	3	
59	96	4	
59	97	2	
59	98	2	
59	99	6	
59	101	1	
59	102	2	
59	104	4	
59	107	2	
59	108	1	
59	109	2	
59	110	1	
59	114	4	
60	0	1	
60	1	1	
60	3	1	
60	4	4	
60	5	1	
60	6	1	
60	8	4	
60	9	1	
60	10	1	
60	11	1	
60	12	2	
60	13	1	
60	15	3	
60	16	2	
60	17	2	
60	18	1	
60	19	1	
60	20	1	
60	23	4	
60	24	1	
60	25	2	
60	26	3	
60	28	2	
60	29	3	
60	30	4	
60	31	4	
60	32	2	
60	33	1	
60	34	1	
60	35	1	
60	36	3	
60	37	1	
60	38	3	
60	39	3	
60	40	1	
60	41	5	
60	42	6	
60	43	2	
60	44	3	
60	45	3	
60	46	1	
60	47	5	
60	48	1	
60	49	1	
60	51	1	
60	52	1	
60	54	2	
60	56	2	
60	58	1	
60	59	4	
60	61	2	
60	63	3	
60	65	1	
60	68	2	
60	70	1	
60	71	2	
60	72	1	
60	73	1	
60	74	3	
60	75	1	
60	76	1	
60	78	2	
60	79	1	
60	82	1	
60	83	1	
60	85	1	
60	86	3	
60	87	2	
60	88	2	
60	89	1	
60	90	1	
60	91	1	
60	92	2	
60	93	2	
60	94	2	
60	95	1	
60	96	2	
60	98	3	
60	99	4	
60	100	1	
60	101	2	
60	102	1	
60	104	2	
60	107	1	
60	108	1	
60	109	2	
60	110	2	
60	111	1	
60	112	1	
60	114	3	
60	115	2	
61	4	1	
61	8	2	
61	11	1	
61	15	1	
61	16	1	
61	17	2	
61	18	2	
61	23	1	
61	25	1	
61	28	1	
61	29	1	
61	30	1	
61	31	2	
61	32	2	
61	33	1	
61	34	2	
61	36	1	
61	38	2	
61	39	1	
61	41	1	
61	42	1	
61	43	2	
61	47	1	
61	51	2	
61	52	2	
61	53	1	
61	54	1	
61	56	1	
61	57	1	
61	58	1	
61	59	1	
61	60	2	
61	63	2	
61	71	1	
61	73	2	
61	76	2	
61	79	1	
61	82	1	
61	83	1	
61	86	1	
61	90	1	
61	92	1	
61	96	1	
61	98	1	
61	100	1	
61	104	1	
61	106	1	
61	109	1	
61	110	1	
61	111	1	
62	49	1	
63	4	5	
63	5	1	
63	8	5	
63	11	1	
63	12	2	
63	15	1	
63	17	3	
63	18	3	
63	20	1	
63	23	2	
63	24	1	
63	25	2	
63	26	1	
63	27	1	
63	28	2	
63	29	1	
63	30	4	
63	31	6	
63	32	3	
63	33	1	
63	34	3	
63	36	2	
63	38	4	
63	39	5	
63	41	2	
63	42	3	
63	43	4	
63	44	3	
63	45	1	
63	47	4	
63	51	3	
63	52	2	
63	53	2	
63	54	3	
63	56	3	
63	57	1	
63	58	1	
63	59	3	
63	60	3	
63	61	2	
63	65	1	
63	66	2	
63	68	1	
63	69	1	
63	71	2	
63	72	1	
63	73	2	
63	74	2	
63	76	2	
63	78	1	
63	79	2	
63	82	2	
63	83	2	
63	86	2	
63	87	2	
63	88	3	
63	89	1	
63	90	3	
63	92	2	
63	94	2	
63	96	4	
63	97	2	
63	98	2	
63	99	5	
63	102	1	
63	104	2	
63	105	1	
63	106	1	
63	107	1	
63	108	2	
63	109	4	
63	110	2	
63	111	1	
63	112	1	
63	114	2	
64	32	1	
64	36	1	
64	37	1	
64	39	1	
64	44	1	
64	47	1	
64	48	1	
64	50	1	
64	57	1	
64	70	1	
64	82	1	
64	93	1	
65	3	1	
65	4	1	
65	8	1	
65	26	1	
65	30	2	
65	31	1	
65	33	1	
65	35	1	
65	39	2	
65	41	1	
65	42	1	
65	44	1	
65	46	1	
65	47	1	
65	50	1	
65	54	1	
65	59	1	
65	60	1	
65	63	1	
65	71	1	
65	77	1	
65	79	1	
65	82	1	
65	90	1	
65	92	1	
65	93	1	
65	99	1	
65	101	1	
65	104	2	
65	108	1	
65	109	1	
65	114	2	
66	4	1	
66	8	3	
66	17	1	
66	18	1	
66	20	1	
66	23	1	
66	24	1	
66	25	1	
66	26	1	
66	28	2	
66	30	2	
66	31	1	
66	33	1	
66	34	2	
66	39	1	
66	41	2	
66	43	1	
66	45	1	
66	47	3	
66	51	1	
66	54	2	
66	56	1	
66	59	3	
66	63	2	
66	69	1	
66	71	1	
66	77	1	
66	82	2	
66	85	1	
66	87	2	
66	88	1	
66	90	1	
66	94	1	
66	96	2	
66	97	1	
66	98	2	
66	99	4	
66	102	1	
66	103	1	
66	105	1	
66	107	1	
66	108	1	
66	109	2	
66	110	2	
66	112	1	
66	114	2	
67	4	1	
67	12	1	
67	23	1	
67	36	1	
67	38	1	
67	51	1	
67	52	1	
67	54	1	
67	56	1	
67	58	2	
67	59	1	
67	73	1	
67	76	1	
67	82	1	
68	0	1	
68	1	2	
68	3	1	
68	4	2	
68	5	1	
68	6	2	
68	7	1	
68	8	1	
68	9	1	
68	10	1	
68	11	1	
68	12	2	
68	13	1	
68	14	1	
68	15	1	
68	16	1	
68	17	1	
68	19	1	
68	20	1	
68	23	1	
68	24	1	
68	25	3	
68	26	2	
68	28	2	
68	29	2	
68	30	3	
68	31	3	
68	32	1	
68	36	1	
68	37	1	
68	38	2	
68	39	3	
68	40	1	
68	41	1	
68	42	1	
68	43	1	
68	44	3	
68	45	4	
68	46	1	
68	47	1	
68	48	1	
68	53	1	
68	54	1	
68	57	1	
68	58	1	
68	59	1	
68	60	2	
68	63	1	
68	70	1	
68	71	1	
68	72	1	
68	74	2	
68	80	1	
68	81	2	
68	83	1	
68	85	1	
68	87	2	
68	88	2	
68	89	1	
68	93	2	
68	94	2	
68	95	1	
68	98	1	
68	99	2	
68	101	1	
68	107	3	
68	108	1	
68	109	3	
68	110	1	
68	111	1	
68	112	1	
68	114	2	
68	115	1	
69	18	1	
69	31	1	
69	34	1	
69	39	1	
69	43	1	
69	47	1	
69	63	1	
69	66	1	
69	71	1	
69	110	1	
69	112	1	
70	0	1	
70	1	1	
70	6	1	
70	9	1	
70	10	1	
70	11	1	
70	12	1	
70	13	1	
70	15	1	
70	19	1	
70	24	1	
70	25	1	
70	26	1	
70	28	1	
70	29	1	
70	32	1	
70	36	2	
70	37	2	
70	38	1	
70	39	1	
70	40	1	
70	41	1	
70	44	2	
70	45	1	
70	47	1	
70	48	2	
70	50	1	
70	57	1	
70	60	1	
70	64	1	
70	68	1	
70	74	1	
70	82	1	
70	85	1	
70	87	1	
70	88	1	
70	93	2	
70	94	1	
70	95	1	
70	98	1	
70	101	1	
70	107	1	
70	109	1	
70	110	1	
70	111	1	
70	112	1	
70	115	1	
71	1	1	
71	2	1	
71	3	1	
71	4	2	
71	6	1	
71	7	1	
71	8	2	
71	12	1	
71	14	1	
71	15	1	
71	16	2	
71	17	2	
71	18	3	
71	20	1	
71	23	4	
71	25	4	
71	26	1	
71	27	1	
71	28	2	
71	29	3	
71	30	3	
71	31	5	
71	32	1	
71	34	4	
71	35	1	
71	36	1	
71	38	2	
71	39	2	
71	41	2	
71	42	2	
71	43	3	
71	45	2	
71	46	2	
71	47	4	
71	50	1	
71	51	1	
71	52	2	
71	53	3	
71	54	3	
71	56	2	
71	57	1	
71	58	2	
71	59	3	
71	60	2	
71	61	1	
71	63	2	
71	65	1	
71	66	1	
71	68	1	
71	69	1	
71	72	1	
71	73	1	
71	74	1	
71	76	1	
71	78	1	
71	79	1	
71	81	1	
71	82	2	
71	86	1	
71	88	1	
71	90	2	
71	93	2	
71	94	2	
71	96	2	
71	97	1	
71	99	2	
71	102	1	
71	104	3	
71	107	1	
71	108	2	
71	109	2	
71	110	2	
71	112	1	
71	114	2	
72	2	1	
72	4	2	
72	5	1	
72	8	1	
72	12	1	
72	15	1	
72	16	1	
72	17	1	
72	18	1	
72	20	1	
72	23	1	
72	27	1	
72	30	3	
72	31	2	
72	32	1	
72	33	1	
72	34	1	
72	35	1	
72	39	1	
72	42	2	
72	43	2	
72	44	1	
72	45	2	
72	46	1	
72	47	3	
72	52	1	
72	53	1	
72	54	1	
72	56	1	
72	59	2	
72	60	1	
72	63	1	
72	68	1	
72	71	1	
72	74	1	
72	79	1	
72	83	1	
72	86	1	
72	87	1	
72	88	1	
72	89	1	
72	90	1	
72	96	1	
72	97	1	
72	99	2	
72	108	1	
72	109	1	
72	114	1	
73	4	1	
73	8	2	
73	11	1	
73	12	1	
73	15	1	
73	17	2	
73	18	2	
73	25	1	
73	28	1	
73	29	1	
73	30	1	
73	31	2	
73	32	2	
73	33	1	
73	34	2	
73	36	1	
73	38	3	
73	39	1	
73	41	1	
73	42	1	
73	43	2	
73	47	1	
73	51	3	
73	52	3	
73	53	1	
73	54	1	
73	56	2	
73	57	1	
73	58	2	
73	59	1	
73	60	1	
73	61	2	
73	63	2	
73	67	1	
73	71	1	
73	76	3	
73	79	1	
73	82	2	
73	83	1	
73	90	1	
73	92	1	
73	96	1	
73	104	1	
73	106	1	
73	109	1	
73	110	1	
73	111	1	
74	0	1	
74	1	1	
74	4	3	
74	5	1	
74	6	1	
74	8	2	
74	9	1	
74	10	1	
74	11	1	
74	12	1	
74	13	1	
74	15	2	
74	17	1	
74	19	1	
74	20	1	
74	23	2	
74	24	1	
74	25	2	
74	26	2	
74	27	1	
74	28	1	
74	29	2	
74	30	1	
74	31	2	
74	32	1	
74	36	1	
74	37	1	
74	38	2	
74	39	1	
74	40	1	
74	41	1	
74	42	1	
74	43	1	
74	44	3	
74	45	2	
74	47	1	
74	48	1	
74	53	1	
74	54	2	
74	60	3	
74	63	2	
74	68	2	
74	70	1	
74	71	1	
74	72	1	
74	75	1	
74	83	1	
74	85	1	
74	86	1	
74	87	2	
74	88	4	
74	89	1	
74	90	1	
74	93	1	
74	94	2	
74	95	1	
74	96	1	
74	97	1	
74	98	2	
74	99	2	
74	101	1	
74	104	1	
74	105	1	
74	107	1	
74	108	2	
74	109	3	
74	110	1	
74	111	1	
74	112	1	
74	114	2	
74	115	2	
75	4	1	
75	15	2	
75	24	1	
75	36	1	
75	45	1	
75	54	2	
75	60	1	
75	74	1	
75	80	1	
75	98	1	
75	99	1	
75	109	1	
75	115	3	
76	4	1	
76	8	2	
76	11	1	
76	12	1	
76	15	1	
76	17	2	
76	18	2	
76	25	1	
76	28	1	
76	29	1	
76	30	1	
76	31	2	
76	32	2	
76	33	1	
76	34	2	
76	36	1	
76	38	3	
76	39	1	
76	41	1	
76	42	1	
76	43	2	
76	47	1	
76	51	3	
76	52	3	
76	53	1	
76	54	1	
76	56	2	
76	57	1	
76	58	2	
76	59	1	
76	60	1	
76	61	2	
76	63	2	
76	67	1	
76	71	1	
76	73	3	
76	79	1	
76	82	2	
76	83	1	
76	90	1	
76	92	1	
76	96	1	
76	104	1	
76	106	1	
76	109	1	
76	110	1	
76	111	1	
77	8	1	
77	23	1	
77	41	1	
77	44	1	
77	53	1	
77	54	3	
77	65	1	
77	66	1	
77	85	1	
77	107	1	
77	114	1	
78	4	2	
78	8	1	
78	12	1	
78	23	2	
78	30	3	
78	31	2	
78	36	2	
78	38	1	
78	39	1	
78	41	2	
78	42	2	
78	44	2	
78	47	2	
78	53	1	
78	56	1	
78	59	2	
78	60	2	
78	63	1	
78	71	1	
78	86	1	
78	91	2	
78	92	1	
78	93	1	
78	94	1	
78	96	1	
78	99	1	
78	114	1	
79	4	1	
79	8	1	
79	12	1	
79	15	2	
79	17	1	
79	18	1	
79	28	1	
79	29	1	
79	30	4	
79	31	1	
79	32	1	
79	33	2	
79	34	1	
79	36	1	
79	38	1	
79	39	1	
79	41	1	
79	42	1	
79	43	1	
79	45	1	
79	47	2	
79	51	1	
79	52	1	
79	54	1	
79	56	1	
79	58	1	
79	59	2	
79	60	1	
79	61	1	
79	63	2	
79	65	1	
79	71	1	
79	72	1	
79	73	1	
79	76	1	
79	82	1	
79	86	1	
79	90	3	
79	96	1	
79	99	1	
79	104	1	
79	110	1	
80	24	1	
80	25	1	
80	29	1	
80	30	1	
80	31	1	
80	39	1	
80	44	1	
80	45	1	
80	68	1	
80	75	1	
80	81	1	
80	107	1	
80	115	1	
81	1	1	
81	3	1	
81	4	1	
81	6	1	
81	7	1	
81	12	1	
81	14	1	
81	16	1	
81	23	1	
81	25	2	
81	26	1	
81	28	1	
81	29	1	
81	30	2	
81	31	2	
81	36	1	
81	38	1	
81	39	2	
81	44	1	
81	45	2	
81	46	1	
81	48	1	
81	53	1	
81	54	1	
81	57	1	
81	58	1	
81	59	1	
81	68	2	
81	71	1	
81	80	1	
81	93	1	
81	94	1	
81	99	1	
81	107	2	
81	108	1	
81	109	1	
81	111	1	
81	114	1	
82	4	1	
82	8	3	
82	12	1	
82	15	1	
82	17	2	
82	18	1	
82	24	1	
82	25	1	
82	26	1	
82	28	3	
82	29	1	
82	30	2	
82	31	1	
82	32	2	
82	33	1	
82	34	2	
82	36	2	
82	37	1	
82	38	2	
82	39	1	
82	41	3	
82	42	1	
82	43	1	
82	44	1	
82	45	1	
82	47	3	
82	48	1	
82	50	2	
82	51	3	
82	52	2	
82	54	2	
82	56	3	
82	57	1	
82	58	2	
82	59	2	
82	60	1	
82	61	1	
82	63	2	
82	64	1	
82	65	1	
82	66	2	
82	67	1	
82	70	1	
82	71	2	
82	73	2	
82	76	2	
82	79	1	
82	87	2	
82	88	1	
82	90	2	
82	93	1	
82	94	1	
82	96	3	
82	97	1	
82	98	2	
82	99	2	
82	102	1	
82	103	1	
82	104	2	
82	105	1	
82	107	1	
82	108	2	
82	109	3	
82	110	2	
82	114	1	
83	4	2	
83	5	1	
83	8	2	
83	11	1	
83	17	2	
83	18	1	
83	20	1	
83	25	1	
83	30	1	
83	31	2	
83	32	2	
83	33	1	
83	34	1	
83	38	1	
83	39	2	
83	42	1	
83	43	2	
83	44	1	
83	45	1	
83	47	1	
83	51	1	
83	52	1	
83	53	1	
83	57	1	
83	60	1	
83	61	1	
83	63	2	
83	68	1	
83	72	1	
83	73	1	
83	74	1	
83	76	1	
83	87	1	
83	88	1	
83	89	1	
83	92	1	
83	99	1	
83	106	1	
83	108	1	
83	109	2	
83	111	1	
83	114	1	
84	38	1	
84	57	1	
85	0	1	
85	1	1	
85	6	1	
85	9	1	
85	10	1	
85	11	1	
85	12	1	
85	13	1	
85	15	1	
85	19	1	
85	23	1	
85	24	1	
85	25	1	
85	26	1	
85	28	1	
85	29	1	
85	36	1	
85	37	1	
85	38	1	
85	40	1	
85	41	2	
85	44	1	
85	45	1	
85	48	1	
85	54	1	
85	60	1	
85	66	1	
85	68	1	
85	70	1	
85	74	1	
85	77	1	
85	87	1	
85	88	1	
85	93	1	
85	94	1	
85	95	1	
85	98	1	
85	101	1	
85	107	1	
85	109	1	
85	110	1	
85	111	1	
85	112	1	
85	115	1	
86	2	1	
86	4	2	
86	8	2	
86	12	1	
86	16	4	
86	18	1	
86	23	6	
86	26	3	
86	27	2	
86	30	4	
86	31	3	
86	33	1	
86	34	1	
86	35	1	
86	36	1	
86	38	2	
86	39	1	
86	41	1	
86	42	2	
86	43	1	
86	44	2	
86	46	1	
86	47	3	
86	49	1	
86	52	1	
86	53	2	
86	54	2	
86	56	2	
86	59	4	
86	60	3	
86	61	1	
86	63	2	
86	71	1	
86	72	1	
86	74	1	
86	78	1	
86	79	1	
86	88	1	
86	90	3	
86	92	1	
86	94	1	
86	96	3	
86	97	2	
86	98	4	
86	99	4	
86	100	1	
86	104	1	
86	105	1	
86	109	1	
86	114	2	
87	0	1	
87	1	1	
87	4	2	
87	5	1	
87	6	1	
87	8	3	
87	9	1	
87	10	1	
87	11	1	
87	12	1	
87	13	1	
87	15	1	
87	17	2	
87	19	1	
87	20	1	
87	24	2	
87	25	2	
87	26	2	
87	28	3	
87	29	1	
87	30	2	
87	31	1	
87	32	1	
87	33	1	
87	34	1	
87	36	1	
87	37	1	
87	38	1	
87	39	1	
87	40	1	
87	41	2	
87	42	1	
87	43	2	
87	44	2	
87	45	3	
87	47	3	
87	48	1	
87	51	1	
87	54	1	
87	56	1	
87	59	1	
87	60	2	
87	63	2	
87	66	2	
87	68	2	
87	70	1	
87	72	1	
87	74	2	
87	82	2	
87	83	1	
87	85	1	
87	88	3	
87	89	1	
87	90	1	
87	93	1	
87	94	2	
87	95	1	
87	96	2	
87	97	1	
87	98	3	
87	99	3	
87	101	1	
87	102	1	
87	103	1	
87	105	1	
87	107	2	
87	108	2	
87	109	4	
87	110	2	
87	111	1	
87	112	1	
87	114	2	
87	115	1	
88	0	1	
88	1	1	
88	4	3	
88	5	1	
88	6	1	
88	8	3	
88	9	1	
88	10	1	
88	11	1	
88	12	1	
88	13	1	
88	15	1	
88	17	1	
88	19	1	
88	20	1	
88	23	4	
88	24	2	
88	25	3	
88	26	2	
88	27	1	
88	28	2	
88	29	2	
88	30	1	
88	31	2	
88	32	1	
88	36	1	
88	37	1	
88	38	2	
88	39	1	
88	40	1	
88	41	1	
88	42	1	
88	43	1	
88	44	3	
88	45	2	
88	47	1	
88	48	1	
88	51	1	
88	53	1	
88	54	2	
88	56	1	
88	58	2	
88	59	1	
88	60	2	
88	63	3	
88	66	1	
88	68	2	
88	70	1	
88	71	1	
88	72	1	
88	74	4	
88	82	1	
88	83	1	
88	85	1	
88	86	1	
88	87	3	
88	89	1	
88	90	1	
88	93	1	
88	94	3	
88	95	1	
88	96	2	
88	97	2	
88	98	3	
88	99	3	
88	101	1	
88	102	1	
88	104	1	
88	105	1	
88	107	2	
88	108	3	
88	109	4	
88	110	1	
88	111	1	
88	112	1	
88	114	2	
88	115	1	
89	4	2	
89	5	2	
89	8	1	
89	17	1	
89	20	1	
89	30	1	
89	31	1	
89	32	1	
89	36	1	
89	38	1	
89	39	1	
89	42	1	
89	43	1	
89	44	1	
89	45	2	
89	46	1	
89	47	2	
89	48	1	
89	54	1	
89	60	1	
89	63	1	
89	68	1	
89	72	1	
89	74	1	
89	83	1	
89	87	1	
89	88	1	
89	99	2	
89	108	1	
89	109	1	
89	111	1	
89	114	1	
90	2	1	
90	4	2	
90	8	3	
90	15	1	
90	16	1	
90	17	2	
90	18	2	
90	20	1	
90	23	2	
90	26	2	
90	27	2	
90	28	2	
90	29	2	
90	30	6	
90	31	3	
90	32	1	
90	33	2	
90	34	3	
90	35	1	
90	36	1	
90	38	2	
90	39	1	
90	41	2	
90	42	3	
90	43	2	
90	44	1	
90	45	1	
90	46	1	
90	47	3	
90	51	1	
90	52	2	
90	53	3	
90	54	4	
90	56	2	
90	58	1	
90	59	3	
90	60	1	
90	61	1	
90	63	3	
90	65	1	
90	66	1	
90	71	2	
90	72	1	
90	73	1	
90	74	1	
90	76	1	
90	79	3	
90	82	2	
90	86	3	
90	87	1	
90	88	1	
90	92	1	
90	96	4	
90	97	2	
90	98	2	
90	99	5	
90	103	1	
90	104	1	
90	105	2	
90	109	3	
90	110	2	
90	114	2	
91	8	1	
91	41	1	
91	42	1	
91	47	1	
91	60	1	
91	78	2	
92	3	1	
92	4	3	
92	8	2	
92	11	1	
92	12	1	
92	17	1	
92	18	1	
92	23	1	
92	25	1	
92	26	1	
92	30	2	
92	31	4	
92	32	1	
92	33	2	
92	34	1	
92	35	1	
92	36	1	
92	38	2	
92	39	3	
92	41	1	
92	42	2	
92	43	1	
92	44	1	
92	46	1	
92	47	2	
92	51	1	
92	52	1	
92	53	1	
92	56	1	
92	57	1	
92	59	2	
92	60	2	
92	61	1	
92	63	2	
92	65	1	
92	73	1	
92	76	1	
92	78	1	
92	83	1	
92	86	1	
92	90	1	
92	93	1	
92	94	1	
92	96	1	
92	99	1	
92	101	1	
92	104	1	
92	106	1	
92	109	1	
92	111	1	
92	114	1	
93	0	1	
93	1	2	
93	3	2	
93	4	3	
93	6	2	
93	7	1	
93	9	1	
93	10	1	
93	11	1	
93	12	3	
93	13	1	
93	14	1	
93	15	1	
93	16	1	
93	19	1	
93	23	1	
93	24	1	
93	25	2	
93	26	3	
93	28	2	
93	29	1	
93	30	3	
93	31	3	
93	32	1	
93	33	1	
93	35	1	
93	36	2	
93	37	2	
93	38	2	
93	39	3	
93	40	1	
93	41	1	
93	42	1	
93	44	2	
93	45	2	
93	46	2	
93	47	3	
93	48	2	
93	50	1	
93	53	2	
93	54	1	
93	57	2	
93	58	1	
93	59	2	
93	60	2	
93	64	1	
93	65	1	
93	68	2	
93	70	2	
93	71	2	
93	74	1	
93	78	1	
93	81	1	
93	82	1	
93	85	1	
93	87	1	
93	88	1	
93	92	1	
93	94	2	
93	95	1	
93	98	1	
93	99	1	
93	101	2	
93	104	1	
93	107	2	
93	109	2	
93	110	1	
93	111	1	
93	112	1	
93	114	4	
93	115	1	
94	0	1	
94	1	2	
94	3	1	
94	4	3	
94	6	2	
94	7	1	
94	8	1	
94	9	1	
94	10	1	
94	11	1	
94	12	3	
94	13	1	
94	14	1	
94	15	1	
94	16	1	
94	19	1	
94	23	3	
94	24	2	
94	25	5	
94	26	2	
94	28	3	
94	29	2	
94	30	2	
94	31	2	
94	36	2	
94	37	1	
94	38	3	
94	39	2	
94	40	1	
94	41	3	
94	42	1	
94	44	2	
94	45	2	
94	46	1	
94	47	1	
94	48	1	
94	51	1	
94	53	1	
94	54	2	
94	56	2	
94	57	1	
94	58	1	
94	59	3	
94	60	2	
94	63	2	
94	66	1	
94	68	2	
94	70	1	
94	71	2	
94	74	2	
94	78	1	
94	81	1	
94	82	1	
94	85	1	
94	86	1	
94	87	2	
94	88	3	
94	92	1	
94	93	2	
94	95	1	
94	96	2	
94	97	1	
94	98	2	
94	99	3	
94	101	1	
94	102	1	
94	104	1	
94	107	3	
94	108	2	
94	109	3	
94	110	1	
94	111	1	
94	112	1	
94	114	1	
94	115	1	
95	0	1	
95	1	1	
95	6	1	
95	9	1	
95	10	1	
95	11	1	
95	12	1	
95	13	1	
95	15	1	
95	19	1	
95	24	1	
95	25	1	
95	26	1	
95	28	2	
95	29	1	
95	31	1	
95	36	1	
95	37	1	
95	38	1	
95	40	1	
95	41	1	
95	44	1	
95	45	1	
95	48	1	
95	60	1	
95	68	1	
95	70	1	
95	74	1	
95	85	1	
95	87	1	
95	88	1	
95	93	1	
95	94	1	
95	98	1	
95	101	1	
95	107	1	
95	109	1	
95	110	1	
95	111	1	
95	112	1	
95	115	1	
96	2	1	
96	4	4	
96	8	4	
96	12	3	
96	15	1	
96	16	1	
96	17	2	
96	18	2	
96	23	3	
96	24	1	
96	25	2	
96	26	2	
96	27	2	
96	28	3	
96	29	1	
96	30	5	
96	31	4	
96	32	1	
96	33	1	
96	34	3	
96	35	1	
96	36	2	
96	38	3	
96	39	1	
96	41	3	
96	42	3	
96	43	2	
96	44	2	
96	45	1	
96	46	1	
96	47	4	
96	51	2	
96	52	2	
96	53	2	
96	54	4	
96	56	4	
96	58	1	
96	59	4	
96	60	2	
96	61	1	
96	63	4	
96	66	2	
96	71	2	
96	72	1	
96	73	1	
96	74	1	
96	76	1	
96	78	1	
96	79	1	
96	82	3	
96	86	3	
96	87	2	
96	88	2	
96	90	4	
96	92	1	
96	94	2	
96	97	3	
96	98	3	
96	99	6	
96	100	1	
96	102	1	
96	103	1	
96	104	1	
96	105	3	
96	107	2	
96	108	1	
96	109	3	
96	110	2	
96	114	2	
97	2	1	
97	4	2	
97	8	2	
97	16	1	
97	18	1	
97	23	2	
97	24	1	
97	25	1	
97	26	3	
97	27	2	
97	28	1	
97	29	1	
97	30	1	
97	31	2	
97	33	1	
97	34	1	
97	35	1	
97	38	1	
97	39	2	
97	42	1	
97	43	1	
97	44	2	
97	46	1	
97	47	2	
97	51	1	
97	52	1	
97	53	3	
97	54	3	
97	56	2	
97	59	2	
97	63	2	
97	66	1	
97	71	1	
97	72	1	
97	74	1	
97	82	1	
97	86	2	
97	87	1	
97	88	2	
97	90	2	
97	94	1	
97	96	3	
97	98	2	
97	99	3	
97	102	1	
97	105	1	
97	107	1	
97	108	1	
97	109	3	
97	114	1	
98	0	1	
98	1	1	
98	4	2	
98	6	1	
98	8	4	
98	9	1	
98	10	1	
98	11	1	
98	12	1	
98	13	1	
98	15	2	
98	16	2	
98	17	1	
98	19	1	
98	20	1	
98	23	3	
98	24	2	
98	25	2	
98	26	5	
98	27	1	
98	28	3	
98	29	1	
98	30	1	
98	31	1	
98	33	1	
98	34	1	
98	36	1	
98	37	1	
98	38	2	
98	39	1	
98	40	1	
98	41	2	
98	44	2	
98	45	2	
98	47	3	
98	48	1	
98	49	2	
98	51	1	
98	53	1	
98	54	2	
98	56	1	
98	59	2	
98	60	3	
98	61	1	
98	63	2	
98	66	2	
98	68	1	
98	70	1	
98	74	2	
98	75	1	
98	82	2	
98	85	1	
98	86	4	
98	87	3	
98	88	3	
98	90	2	
98	93	1	
98	94	2	
98	95	1	
98	96	3	
98	97	2	
98	99	6	
98	100	1	
98	101	1	
98	102	1	
98	103	1	
98	105	2	
98	107	2	
98	108	1	
98	109	5	
98	110	3	
98	111	1	
98	112	1	
98	114	3	
98	115	1	
99	1	1	
99	2	1	
99	3	1	
99	4	6	
99	5	1	
99	6	1	
99	7	1	
99	8	7	
99	12	2	
99	14	1	
99	15	1	
99	16	3	
99	17	2	
99	18	1	
99	20	2	
99	23	5	
99	24	1	
99	25	2	
99	26	4	
99	27	2	
99	28	3	
99	29	1	
99	30	7	
99	31	5	
99	32	1	
99	33	1	
99	34	2	
99	35	1	
99	36	1	
99	38	4	
99	39	6	
99	41	3	
99	42	5	
99	43	2	
99	44	3	
99	45	3	
99	46	3	
99	47	9	
99	49	1	
99	51	1	
99	52	1	
99	53	3	
99	54	5	
99	56	3	
99	57	1	
99	58	1	
99	59	6	
99	60	4	
99	63	5	
99	65	1	
99	66	4	
99	68	2	
99	71	2	
99	72	2	
99	74	2	
99	75	1	
99	78	1	
99	79	1	
99	81	1	
99	82	2	
99	83	1	
99	86	4	
99	87	3	
99	88	3	
99	89	2	
99	90	5	
99	92	1	
99	93	1	
99	94	3	
99	96	6	
99	97	3	
99	98	6	
99	102	2	
99	103	1	
99	104	1	
99	105	2	
99	107	2	
99	108	2	
99	109	6	
99	110	2	
99	111	1	
99	114	5	
100	16	1	
100	23	1	
100	60	1	
100	61	1	
100	86	1	
100	96	1	
100	98	1	
101	0	1	
101	1	1	
101	3	1	
101	4	1	
101	6	1	
101	9	1	
101	10	1	
101	11	1	
101	12	1	
101	13	1	
101	15	1	
101	19	1	
101	24	1	
101	25	1	
101	26	2	
101	28	1	
101	29	1	
101	30	1	
101	31	1	
101	33	1	
101	35	1	
101	36	1	
101	37	1	
101	38	1	
101	39	1	
101	40	1	
101	41	1	
101	42	1	
101	44	1	
101	45	1	
101	46	2	
101	47	1	
101	48	1	
101	59	1	
101	60	2	
101	65	1	
101	68	1	
101	70	1	
101	74	1	
101	85	1	
101	87	1	
101	88	1	
101	92	1	
101	93	2	
101	94	1	
101	95	1	
101	98	1	
101	104	1	
101	107	1	
101	109	1	
101	110	1	
101	111	1	
101	112	1	
101	114	1	
101	115	1	
102	4	1	
102	8	2	
102	13	1	
102	23	1	
102	24	1	
102	25	2	
102	28	1	
102	30	1	
102	38	1	
102	39	1	
102	42	1	
102	45	1	
102	51	1	
102	54	1	
102	56	1	
102	59	2	
102	60	1	
102	63	1	
102	66	1	
102	71	1	
102	82	1	
102	87	1	
102	88	1	
102	94	1	
102	96	1	
102	97	1	
102	98	1	
102	99	2	
102	104	3	
102	107	1	
102	108	1	
102	109	1	
103	8	1	
103	17	1	
103	26	1	
103	28	1	
103	30	1	
103	33	1	
103	34	1	
103	41	1	
103	45	1	
103	47	1	
103	57	1	
103	66	1	
103	82	1	
103	87	1	
103	90	1	
103	96	1	
103	98	1	
103	99	1	
103	105	1	
103	109	1	
103	110	1	
103	114	1	
104	3	1	
104	4	2	
104	8	2	
104	12	1	
104	15	1	
104	16	1	
104	17	1	
104	18	1	
104	23	2	
104	25	1	
104	26	1	
104	28	1	
104	29	2	
104	30	2	
104	31	2	
104	32	1	
104	33	1	
104	34	1	
104	35	1	
104	36	1	
104	38	2	
104	39	3	
104	41	2	
104	42	3	
104	43	1	
104	45	1	
104	46	1	
104	47	3	
104	50	1	
104	51	1	
104	52	1	
104	54	3	
104	56	1	
104	58	1	
104	59	4	
104	60	2	
104	61	1	
104	63	2	
104	65	2	
104	71	3	
104	73	1	
104	74	1	
104	76	1	
104	79	1	
104	82	2	
104	86	1	
104	88	1	
104	90	1	
104	92	1	
104	93	1	
104	94	1	
104	96	1	
104	99	1	
104	101	1	
104	102	3	
104	108	2	
104	109	1	
104	110	1	
104	114	2	
105	2	1	
105	4	2	
105	7	1	
105	8	4	
105	12	1	
105	14	1	
105	17	1	
105	23	1	
105	26	3	
105	27	1	
105	28	1	
105	30	1	
105	31	2	
105	33	1	
105	34	1	
105	35	1	
105	38	1	
105	40	2	
105	41	1	
105	44	2	
105	45	1	
105	47	2	
105	53	1	
105	54	1	
105	63	1	
105	66	1	
105	74	1	
105	82	1	
105	86	1	
105	87	1	
105	88	1	
105	90	2	
105	96	3	
105	97	1	
105	98	2	
105	99	2	
105	103	1	
105	109	4	
105	110	2	
105	114	2	
105	115	1	
106	4	1	
106	8	1	
106	11	1	
106	12	1	
106	17	1	
106	18	1	
106	25	1	
106	31	1	
106	32	1	
106	33	1	
106	34	1	
106	38	1	
106	39	1	
106	43	1	
106	44	1	
106	51	1	
106	52	1	
106	53	1	
106	57	1	
106	61	1	
106	63	1	
106	73	1	
106	76	1	
106	83	1	
106	92	1	
106	109	1	
106	111	2	
107	0	1	
107	1	2	
107	3	1	
107	4	2	
107	6	2	
107	7	1	
107	8	1	
107	9	1	
107	10	1	
107	11	1	
107	12	2	
107	13	1	
107	14	1	
107	15	1	
107	16	1	
107	19	1	
107	23	1	
107	24	2	
107	25	5	
107	26	3	
107	28	3	
107	29	2	
107	30	2	
107	31	2	
107	33	1	
107	36	1	
107	37	1	
107	38	2	
107	39	2	
107	40	1	
107	41	1	
107	44	2	
107	45	4	
107	46	1	
107	48	1	
107	51	1	
107	53	2	
107	54	2	
107	56	1	
107	57	1	
107	58	1	
107	59	2	
107	60	1	
107	63	1	
107	66	1	
107	68	3	
107	70	1	
107	71	1	
107	74	1	
107	77	1	
107	80	1	
107	81	2	
107	82	1	
107	85	1	
107	87	2	
107	88	2	
107	93	2	
107	94	3	
107	95	1	
107	96	2	
107	97	1	
107	98	2	
107	99	2	
107	101	1	
107	102	1	
107	108	1	
107	109	3	
107	110	1	
107	111	1	
107	112	1	
107	114	1	
107	115	1	
108	4	2	
108	5	1	
108	8	2	
108	17	1	
108	20	1	
108	23	1	
108	24	1	
108	25	2	
108	28	1	
108	29	1	
108	30	1	
108	31	1	
108	32	1	
108	36	1	
108	39	1	
108	41	1	
108	42	1	
108	43	1	
108	44	1	
108	45	1	
108	47	1	
108	48	1	
108	50	1	
108	51	1	
108	54	1	
108	56	1	
108	59	1	
108	60	1	
108	63	2	
108	65	1	
108	66	1	
108	68	1	
108	71	2	
108	72	1	
108	74	2	
108	81	1	
108	82	2	
108	83	1	
108	87	2	
108	88	3	
108	89	1	
108	94	2	
108	96	1	
108	97	1	
108	98	1	
108	99	2	
108	102	1	
108	104	2	
108	107	1	
108	109	3	
108	111	1	
108	114	1	
109	0	1	
109	1	2	
109	2	1	
109	3	1	
109	4	5	
109	5	1	
109	6	2	
109	7	2	
109	8	6	
109	9	1	
109	10	1	
109	11	2	
109	12	3	
109	13	1	
109	14	2	
109	15	1	
109	16	1	
109	17	3	
109	18	1	
109	19	1	
109	20	1	
109	23	2	
109	24	2	
109	25	4	
109	26	6	
109	27	1	
109	28	4	
109	29	1	
109	30	3	
109	31	4	
109	32	2	
109	33	2	
109	34	2	
109	36	1	
109	37	1	
109	38	4	
109	39	3	
109	40	2	
109	41	3	
109	42	1	
109	43	2	
109	44	3	
109	45	4	
109	46	1	
109	47	3	
109	48	1	
109	50	1	
109	51	2	
109	52	1	
109	53	3	
109	54	3	
109	56	1	
109	57	2	
109	58	1	
109	59	2	
109	60	2	
109	61	1	
109	63	4	
109	65	1	
109	66	2	
109	68	3	
109	70	1	
109	71	2	
109	72	1	
109	73	1	
109	74	3	
109	75	1	
109	76	1	
109	81	1	
109	82	3	
109	83	2	
109	85	1	
109	86	1	
109	87	4	
109	88	4	
109	89	1	
109	90	3	
109	92	1	
109	93	2	
109	94	3	
109	95	1	
109	96	3	
109	97	3	
109	98	5	
109	99	6	
109	101	1	
109	102	1	
109	103	1	
109	104	1	
109	105	4	
109	106	1	
109	107	3	
109	108	3	
109	110	3	
109	111	2	
109	112	1	
109	114	4	
109	115	2	
110	0	1	
110	1	1	
110	2	1	
110	6	1	
110	7	1	
110	8	2	
110	9	1	
110	10	1	
110	11	1	
110	12	2	
110	13	1	
110	14	1	
110	15	3	
110	17	2	
110	18	2	
110	19	1	
110	24	1	
110	25	1	
110	26	3	
110	28	3	
110	29	2	
110	30	2	
110	31	2	
110	32	1	
110	33	1	
110	34	3	
110	36	2	
110	37	1	
110	38	2	
110	39	2	
110	40	2	
110	41	3	
110	42	1	
110	43	2	
110	44	1	
110	45	2	
110	47	4	
110	48	1	
110	51	1	
110	52	1	
110	54	1	
110	56	1	
110	58	1	
110	59	1	
110	60	2	
110	61	1	
110	63	2	
110	66	2	
110	68	1	
110	69	1	
110	70	1	
110	71	2	
110	73	1	
110	74	1	
110	76	1	
110	79	1	
110	82	2	
110	85	1	
110	87	2	
110	88	1	
110	90	2	
110	93	1	
110	94	1	
110	95	1	
110	96	2	
110	98	3	
110	99	2	
110	101	1	
110	103	1	
110	104	1	
110	105	2	
110	107	1	
110	109	3	
110	111	1	
110	112	2	
110	114	1	
110	115	2	
111	0	1	
111	1	1	
111	4	2	
111	6	1	
111	8	1	
111	9	1	
111	10	1	
111	11	2	
111	12	2	
111	13	1	
111	15	1	
111	17	1	
111	18	1	
111	19	1	
111	24	1	
111	25	2	
111	26	1	
111	28	1	
111	29	1	
111	31	1	
111	32	1	
111	33	1	
111	34	1	
111	36	2	
111	37	1	
111	38	2	
111	39	1	
111	40	1	
111	41	1	
111	43	1	
111	44	2	
111	45	1	
111	46	1	
111	47	1	
111	48	2	
111	51	1	
111	52	1	
111	53	1	
111	54	1	
111	57	1	
111	60	1	
111	61	1	
111	63	1	
111	68	1	
111	70	1	
111	73	1	
111	74	1	
111	76	1	
111	81	1	
111	83	1	
111	85	1	
111	87	1	
111	88	1	
111	89	1	
111	92	1	
111	93	1	
111	94	1	
111	95	1	
111	98	1	
111	99	1	
111	101	1	
111	106	2	
111	107	1	
111	108	1	
111	109	2	
111	110	1	
111	112	1	
111	115	1	
112	0	1	
112	1	1	
112	6	1	
112	9	1	
112	10	1	
112	11	1	
112	12	1	
112	13	1	
112	15	1	
112	18	1	
112	19	1	
112	24	1	
112	25	1	
112	26	1	
112	28	1	
112	29	1	
112	31	1	
112	34	1	
112	36	1	
112	37	1	
112	38	1	
112	39	1	
112	40	1	
112	41	1	
112	43	1	
112	44	1	
112	45	1	
112	47	1	
112	48	1	
112	60	1	
112	63	1	
112	66	1	
112	68	1	
112	69	1	
112	70	1	
112	71	1	
112	74	1	
112	85	1	
112	87	1	
112	88	1	
112	93	1	
112	94	1	
112	95	1	
112	98	1	
112	101	1	
112	107	1	
112	109	1	
112	110	2	
112	111	1	
112	115	1	
113	0	1	
113	3	1	
113	12	1	
113	26	1	
113	28	1	
113	35	1	
113	54	1	
114	1	1	
114	3	2	
114	4	5	
114	5	1	
114	6	1	
114	7	1	
114	8	5	
114	12	2	
114	14	1	
114	16	2	
114	17	2	
114	20	2	
114	23	3	
114	25	1	
114	26	5	
114	27	1	
114	28	2	
114	30	5	
114	31	5	
114	32	1	
114	33	2	
114	34	1	
114	35	1	
114	38	3	
114	39	3	
114	41	1	
114	42	2	
114	43	1	
114	44	3	
114	45	3	
114	46	2	
114	47	5	
114	49	1	
114	53	4	
114	54	3	
114	57	1	
114	58	1	
114	59	4	
114	60	3	
114	63	2	
114	65	2	
114	66	2	
114	68	2	
114	71	2	
114	72	1	
114	74	2	
114	77	1	
114	78	1	
114	81	1	
114	82	1	
114	83	1	
114	86	2	
114	87	2	
114	88	2	
114	89	1	
114	90	2	
114	92	1	
114	93	4	
114	94	1	
114	96	2	
114	97	1	
114	98	3	
114	99	5	
114	101	1	
114	103	1	
114	104	2	
114	105	2	
114	107	1	
114	108	1	
114	109	4	
114	110	1	
115	0	1	
115	1	1	
115	2	1	
115	4	1	
115	6	1	
115	7	1	
115	9	1	
115	10	1	
115	11	1	
115	12	2	
115	13	1	
115	14	1	
115	15	3	
115	19	1	
115	24	2	
115	25	1	
115	26	2	
115	28	1	
115	29	1	
115	36	1	
115	37	1	
115	38	1	
115	40	2	
115	41	1	
115	44	1	
115	45	1	
115	48	1	
115	54	2	
115	60	2	
115	68	1	
115	70	1	
115	74	2	
115	75	3	
115	80	1	
115	85	1	
115	87	1	
115	88	1	
115	93	1	
115	94	1	
115	95	1	
115	98	1	
115	101	1	
115	105	1	
115	107	1	
115	109	2	
115	110	2	
115	111	1	
115	112	1	
